
Number read was : 	4251161764252561

14.16213071369888639014427899544010546585070019344844445609795326737448241410730313879556943898585700152962528759452057302138960991

13.95886098617306110973159978844316903444512373080699118335166947403796520265624740048066286586158580364275899221025571257510420413

13.74017887172963389877656532938282380905899889665021213988756428758954883688490863943631765255815461288763783387074116613973728922

13.50355402999544245837747383185739096575445840230857866052469357263062571932214715510140382657008883592004039601059178141615327735

13.24577682388542495243541398269484346097427949360859153750673761889994922906437309469358727826971584777646404766551793227696285142

12.96269106120935541965285771802434048719846098347440826593093417716879870817197103309251273684677127718305836950613466404119552044

12.64878082302963086022442916005031091872704156098167136651406694133549975101858666472327691130767000301137759072935170603815451732

12.29650393613111736838570678585989584747201719874031283683331623782913929831900879213353269162419706612702715744692734467558202246

11.89515927090529109743129362578910017586941260707580783890183632486766150151620820196786046395811630397122992785149657753523171761

11.42883202596459703222171523213234944214057370747538455786164442361772458980883909709161347958224690702338814239458353871033025621

10.87233805228548562584665738566609339671620156789080010556389923267350622646611508987311517760432124427411409589297147419791437751

10.18225006298402927788417282981525856069192985874339499165157603294412604867158940626480248487980577414610671269156276916739728648

9.27348331209676141076296838600305999025435831170486537961258102138776365082995865101571756477260713518935472298578607764209017936

7.93963210786044393686593073537573703873522019778910992435839516359667376156557965648538613922768326993194993345331440644059307801

5.38586986114029202737442078365898469809205317254814843443657291301524160099283330271369475351732017822611680096008239155075490854
