
Number read was : 	21368106964100717960120874145003772958637679383727933523150686203631965523578837094085435000951700943373838321997220564166302488321590128061531285010636857163897899811712284013921068534616772684717323224436400485097837112174432182703436548357540610175031371364893034379963672249152120447044722997996160892591129924218437

27.36033170262828441469837745649906782848150264035160283654656344312755160465864601558021863203172921540108152445667912664639888255

27.35126316418434992180165124012635719323282300360818119291959160342036529921327317252770984293596848786929354617312997479675641575

27.34216603419466304860934204575084710062744990678188345566724595889106567705805092167060343736665277292489002692899708481056655366

27.33304013180033314656429048977069647169428483922332160893031864682930437621977557074762012716075399997829410027435562308349514814

27.32388527442095939761645634944766847491218244319497735134645928174271228399466054580033212343382240428245028653565191560601831574

27.31470127773271292743826210850109345829049485028110902995880803409047469956471444018559856108847931203824803415385344554484389913

27.30548795564606898732901419377629116669807167286184605965270805152585955414307090335936683835030620157180171459938533919849243824

27.29624512028318247910623397830269910708241305617408950664277332402780700591382469022708910345444588044239026098431111811636746422

27.28697258195489994598373732971328242021259103062703733937250786377414562644840445111597723015223715212841066424645717253671484185

27.27767014913740099723602251145605062723115966323706629840948894087443409343707401033009790174107688603686021475391993562001212277

27.26833762844846197523236628739000401161641115662128395694053432011194487762011170946613228557165505618125501833816025007819130657

27.25897482462333451007470573154481276793973409263955287681955846651374890671587979063860767497575742253535827515567421801348050318

27.24958154049023143946979899962045349252730542362890649041853857512643951788507816614056435548338116062248519996459096850200520808

27.24015757694541239948325740027885170763328833683377269621732634571965488801785715760301553391088623885183776616812046289814284874

27.23070273292786121533167089420609879898522120466974630045691835078056526231793032587587922335868073746555856367833943738158249689

27.22121680539354704023581099445422612096706199095842246685878875440806411238313547216532633340766447788411648447437193733888695190

27.21169958928926100444499019619868791769904986898363836780249618492009071107879976427903534408974158110076390460240500017260657648

27.20215087752601994570772651048728250385580300323656137846833491604826544828165661239520043871679763033477196805635226629049924584

27.19257046095202859655981956746911680755792677671944138432340392427320389356496619312134533794388543653252671747856150470415618912

27.18295812832519140267580519474371123366863150879078613527160564779428643182397777429031611025108837745148541527755210437383851002

27.17331366628516494002645225698906090990346262737083149494654980838572486762622488958155043839417861554187009236564690397351249398

27.16363685932494168654116512484153545977500152575058171335066523082836279688446105150215379148146226213895204641346521227065380810

27.15392748976195568657638146514998927387761420683346492213750816928458198649457408882137748486031444930391424996091620607249669990

27.14418533770870042009374605583688921399216082932298651641197546948894599288671205885951921515923206310806495390479708263107895151

27.13441018104284896863699214913235187954391573932123181681893776402248200355378054118172323643948593648342063781982598649694192085

27.12460179537686631271007686912570322167078384416207797394075808637557461231994348535032772172420880642754832630754932758189613411

27.11475995402710338467621898601969032636221618732027273365004537291546730004791401606240093568042246151321360800512124080925312668

27.10488442798236221861069130568924070227339435920836033261658555090914199097155663921775446395751202414205821938838432688940071068

27.09497498587192130973215004640429818897909091317836798608609848824850244585059804018954734742046632365248193201344451471279507910

27.08503139393301001261441817823644426357050836349109781714895416558051199932435909787064883056976600736111948252848347570754071852

27.07505341597772055608211471338639160475288243619205295014100251729274893796224957452026356651109441330769417970345687342828957690

27.06504081335934595779061145321142317015881985827290498461393560794782766614505048156007551312716592717299073326589120590313507239

27.05499334493813184772893836072761947405720039550633300955180085118865239118467648778196166832523944305156710641931854513866937131

27.04491076704642991123121857231755377862218647569350864085096684563584933297700927724859310758048125917784336328628739227497094592

27.03479283345324035992497540143964660498092496919152233568168132301432381782393272643228562552579247269420922899793172440426347146

27.02463929532813053585265414265335497772030596219286434897076520056577005110856300664552493333191394052829116495556872923307117881

27.01444990120451642272352248793202238301368589732488517653280601315250326745278054172311607303350619795924410194901632030860195211

27.00422439694229352488368258474434455713729587409979814250033835424166195409432185665207576860631565553346623075022106434726613923

26.99396252568980322431930324788089552866839798227726051448193887823307841989333853155664289371500938192062476312636875172619854135

26.98366402784512038821016356667118696695588143896795963268736360980087073053317324811421325751368449346811844052159148161223506008

26.97332864101664763687824025876227856645762355843761602265701903738239469957321732304797952665662103009378015642316552750513509845

26.96295609998300131953213702310396727455791676328910959262690721913611788486839463120411095989408326927325421559330596328970805752

26.95254613665217386478772831786411623907355503123330126626883319549346344912893998176250934047600464746883870448153184495254007320

26.94209848001995678200155380873235161671800785874366262570482938539339503277277045320356963049847463955936859109668141042489922580

26.93161285612760819754574378795045222725695550367489370697600485095626799456504175201098505694473146140388586223965448730313874595

26.92108898801874838961788962946316821077733247695535609172938751864011501449843879074482580850780091596407557870449569258372407610

26.91052659569546636609538651268560912443704212197670114517407023860204260245932154199950933810437519726850707110600802418370919504

26.89992539607362009337593803658800890612338813739101953336094832150281516461979233698704124895422071091876379700512600251641707727

26.88928510293731253432194193429919163940475246828885093808549200267090273819888632224163363892177428759083074232227411631328014307

26.87860542689252519401280116482765654615689354024354719224462405066720492527039778962277233942290042239762516709728143075213762136

26.86788607531989038992837811018695873258992199849651987201248819482736150423963920232162394456359052289683687791391484902586893226

26.85712675232658297856647217758726850899413993120631741278218936832901043527132048127389016592111464114685054551763729163656837066

26.84632715869731176716822762094420038912598991408494173633283568991810677435256708754216823442059509811005121812361905922442133264

26.83548699184439030861575322693638366263549092760333719026314556950003908952418064557697809177696179128208433205037574169997526043

26.82460594575686625679884556468840830388147718296173787418349002550335013865514931782257844896844608658520415016282763284940097844

26.81368371094868789391738198232540912057285756476508175014617973876391653538977974336586128662567592337145928004749294806152039896

26.80271997440588588080985188671762683638318223270165196521275936299143433677118464657846086268560262702926476687232235305069443214

26.79171441953274769597142250868124087773678195787511174162365506238099461850344917968981518808017805407766406077389046366352772486

26.78066672609696161851358947211438546249014588698185422662301331584528312715881364330272824721071584800365835689506126698238576446

26.76957657017370648970603520154614706930851458535959682885876159543585719678547031147206596764228991009630689370008381848191729051

26.75844362408866285340084914283855955925070728906232478084342440603539326371194301453921575231195236095571813769972683013926385860

26.74726755635992039985692923282059639358862019508092672880729474872489613374478076965547966524647763880438104700083265154908599186

26.73604803163875597249947787645055048594127730613067309514743629863278061433507351911689418780552591142566947724564786342781432717

26.72478471064925567625582090985661264237510736041281592770256951861317345018799792242993877140088770853424312979592630417836722281

26.71347725012675390869238172283099923998256741620113142255805157654209366900778832466655686708167484181070013214115917789687233545

26.70212530275506139740934603653989038176401285872516553883465932859520002603509657857083085085863843879798438215593015643576958608

26.69072851710245352485725131612164359796256206747157321188127447925946310287352563713669323801472645486437678420607690579838031388

26.67928653755638946484801614936086288801708287724779250084903946872593017483715781666907073923457474612218514365570001347761463987

26.66779900425693179437939079963936333410867336394142357155058082685972010545343863889624782365834112871988640487818755030563104011

26.65626555302883542741459882538328996634366262475096508127097921695773378132680169929759532431312501830816030823136751922648974736

26.64468581531227381939170402891072135492457579915533793863668810918605131905767470415320335691149622325939981471809564283172753735

26.63305941809216949978637919172077606322604211799283286164487560199948643583364249281142793664693142105301268438687271502101790273

26.62138598382609505701647322043470559838629960473668652666153230286468052283372441655093477804415343905141851605861684570019373494

26.60966513037070972320465407328829731910883429358805534465863417361396469511271039516814137092857368556499989311841355757104280375

26.59789647090669573145147680914369897332368459769966176413811041301770984767551142783918103955856361450055338837641082205639246046

26.58607961386215757924266481891106195226712066447159390965526744631072271601204803575613114278728758710100684164292778410739385472

26.57421416283444626208469602001801812877844476548952246222457775081893727687258313304574407816823793734358862762844225248217079305

26.56229971651036947221821833227454709838017094325554815871272151091741278082869266516320969604893765182095192065876563631645751679

26.55033586858474759221517271222672651768173613649457493078993878292046901199402483632638747865202553638761335914126946290206458634

26.53832220767727416238499739800426007135024197218669628035576711568434684550878599467341613376412552679815086190663119586069822769

26.52625831724763829668986702075359070380796214701268590656018066897125614866953705692557486372877198213143445584681122648753699357

26.51414377550886524825753726746915810142558268053201350170853573674271700906593621979084420565305902249649790696670684221744681199

26.50197815533883005651768673450021407827204138766615552963563591981031178751947923511473679704409698355912949199405868193374248148

26.48976102418989786024963529961840451137634085196801644260468400319112406597496226406155302606928658448722159583436626146009014319

26.47749194399664308265251149344229912714947170062516032981040111434462244829901719326774611477922277506404738514104868682009370511

26.46517047108159826322198488874228715090403505192827313537775275087785995474820501148617401735122358279106119025701733167712951988

26.45279615605898183445570262857930993278367175033788757818475190668896703855163890918401858265082265632873827207648567866326007501

26.44036854373635262402845081156144219483212849641934573942312039351669085465258069860251111587377840721857454207038723567005894822

26.42788717301413725454039276954289840166363231602641181895155419312577595967276118711737060824705064382347230103967830659049770918

26.41535157678297500325080495366906351004973056538521420667444966809416631654254211377688721508561699867544712738899281774685396864

26.40276128181882298404353740528649851372832681176444072146615531965402106646934519148296348447573153629097445915157172717220630351

26.39011580867576274692001251404059820512547678573414811978227636596640058532025207208508008050982451510053483058308607526042698173

26.37741467157644759309346857860176293639100984521625998423959345983456469451462331313655863501618051674455457060068936695208724729

26.36465737830012801492903037601046233047955487399872354749305592776085487401483350029260146886220474263179324590090908255117016536

26.35184343006819072920079154464354134432234854937816394762175057372342304700591355835857094030238719698063075722036620077920007238

26.33897232142714475104647344751698761807330137138865940679232838956145002998964026322614164193794819874892476463524841748565171212

26.32604354012898587665729819435309721597062201340877910509471371353259631912286988928096873382054174512149109308026802464938673136

26.31305656700886877278131056044992977209173729567581222120210585899514571664173306479199409920694889046470574393720289146606007621

26.30001087586001363478713959409405058584823055331708232658809451446777422596959012871406056978944624012479402218212367970581717298

26.28690593330577205202120729483028651624093341146552733039499501489343385733836905896457645868713925748879577603909283710688338756

26.27374119866877431177494236927538988477086468467249381952784943900362667435453812678822135883673470100475042417714854939780840295

26.26051612383707787560238421982398210495913398040262560447540149848696383703538003513022044065813879524234076654305191277134160725

26.24723015312723418115917713085483807615591944855343049856750949210727931697186416836913822532810378215519242724841459963616931412

26.23388272314418823271141086535801847333560857641100071509403445114639926762093909366102882413988251854342618178197862096224545418

26.22047326263792266600564568458244544671091427501864112477263606261288305349122322507499517158278139480540147314947948623527030974

26.20700119235675508327625271750125502315735328529711684437027095764983096600518283781483201237566167460507810679543018687448841893

26.19346592489719446020988828718946826656868369894079728514997835943335977678118227130135312261537467809248704559114844659251734683

26.17986686455025932084645820838537879313446816473144219350471021723800270241328637880664783967997447310421411415063075064165793616

26.16620340714415714980964535953395093429370273648457036335629178220861751173221305924593908908906218083683133047647894933971762092

26.15247493988322116213094631495739798280507872546053750978608971070842396484510478508219240892661777370472596124262854822238168442

26.13868084118299707288594119554286192884820009943721544785847043097598854709802928228302237331726711997854322533107866972685323004

26.12482048050136890060431678894209355175061073799440951938643593678296475839888574623618073768915059533468755896402863449609174310

26.11089321816560909734443344413690197142588334298943119892040308442065305082716591082919106715387354198261462701054937554432816296

26.09689840519523438553155577167454352182747028207545506568015025358719040181472991199285629545013396887156666732288538978070938728

26.08283538312054465314955647832363425416234716546508300488337671609894358621308114521122687693256052812934792473879085381965882341

26.06870348379671803467663819033617873112180396145077628017500414571107566357078015544791494350803214697538529454267206672530568466

26.05450202921333096541671865620275540102484476003089545415455527693038497799910828907054387285382207455729957029390109936805416070

26.04023033129916740419468502594359869070977000800283300913602191888536910073655283853926778391217314940412603485231292510120033140

26.02588769172217675469599975987932623169213175574523830445116380053101950060082861027285869178251961288812965502472407769307152515

26.01147340168443504310146799084982802862235964226456405213837400407839159425262713888678032924657875368776852529548605385454743509

25.99698674171195885105650508452844498855842677426778868504068320051490500351330459237977427458868271110640609421967967545925938738

25.98242698143921614404889183971749662037088143178161824057890380026034268319155022672023061468225446624474270168371079799803814880

25.96779337938817262925738613099889189107603251646434493385315716829327167945464278277031382470143012630738385519471120999133734263

25.95308518274170651311776223444149599021530790382553408796998868193970417358445640920050666490761860948936540901139756072994399712

25.93830162711121852241503227252791216010826636687679358950199907096311582766737391303403011591554952842950968568694809679876675121

25.92344193629825782726800903249075401467466343954076383370749111023694527254963581462911883865928907509490992264840963594379052596

25.90850532204997799768722283433887653077540808590054267820023982086155469431093600597566257214342229288418144169232954421489065454

25.89349098380823035028285816901532181155312940711689864272917127876157194206284536803306282391417636736701821726881448801458426063

25.87839810845209499430552940374488357157682340945442876149714393407046616693551034128721251253193094619438158593288380350767155737

25.86322587003364254247557738030308987398335990423390092827902123598479822391956655262833567157117210863482569307406466460102789289

25.84797342950671176707201983880241009227420987997103233138316465049573766571409801035760643216137956365285213128940069963380891279

25.83263993444848052674311621731358029514600846687809615016002851781190125800836489887836878003423237284984224617906425168998528999

25.81722451877359892718078860662428059825853693137997150922254651404758228794010353155947724837431241737729072817374884089093637673

25.80172630244064502981678441512794553388695057986741738318120163894035784669904303086199495681067038609802810722367876673792775537

25.78614439115065432163936471668410237285836485439648062974928540699759829664827822574025006405960075145036019128603580816052665327

25.77047787603746473588054995643798304978469424715419762981971150165014787720954036581576850274030133583093101491115106583187964911

25.75472583334960913279960701099327308391042420957427201413217900100113267695718774572335725193841862543925331551472052730927526152

25.73888732412347684094334436693923614901738555426735832160442689519085478695430307552071908078641551407460185100567078590319415808

25.72296139384745511435958387579834898332045693452071282003262289869272154415998093981359389807081867286676244372117636165577615269

25.70694707211675013103445126881645264981637554861331949049842082719398890825355747810879761845243305922394299723814240776954076099

25.69084337227857539884981923096229490551023646993206525364010919892272273803104166467616941606292199680001702368994907983299673755

25.67464929106738320303329933353233485421505910363885269324403958578995825566887834922553573352301277563579244810777943937652141056

25.65836380822980188827651918110198322056467291111788710215558662944033351197448968060836477429548435220911834822636510303611310212

25.64198588613892839095609117061412095718791169596101443074643622277970152800330895609753212887470059554283963018087129833523678308

25.62551446939761140806937762882663551593529921060104443520039287237514143244796896609812172481789735272794226958553548008179354983

25.60894848443034594329965229748353184381756887740760666163431294489162108059864594701139081411626554171012154807393749692488315663

25.59228683906338465213013017687330531103862276269380958991065701646425226882145607570182226874343894273739506618373278947314226218

25.57552842209265534373429436603820916305814182870560595791561679338506408165312728802127723369537958608824066155125552397658010608

25.55867210283905721398704954206983595262058319411995035920204078312014016470412044185617606320158369147500157282963606200109070701

25.54171673069069081755817430980579833679731335463595281036582463730509843135497322624208544825564180142947196697627024325830510684

25.52466113463155833774521019501268707698711782970430033505692458839211495324183394367691295925406883041521872805834799877440784065

25.50750412275625146177811760651529243223453877286671714388507393941455515093443276564012633386521627881788197332722122096042362599

25.49024448177012393235061444772638012314863634089324706226568435426057959863482592344035082812951803879338571516376341262343680755

25.47288097647442466309146726067329177810742500165052150621026657044441978721285344109054806293863307688528480386356090588080984255

25.45541234923584510200706318891350604497756415881844489283367721733829065815051158001198789075905755095552935810964847401655361881

25.43783731943991123436053810380867221285663333254013933766125106393164515893648318592537113355329179738140059627563221091140886358

25.42015458292762616397841411270623824880731801617552919773050815838865663803278125204637850651022304268653142853347117505985096965

25.40236281141474358438027002333019253817857419404639302029351157704989354353832131920105917984376593839524656049187684883787622124

25.38446065189302553443955314288065472442266062838665669620360591937575958393176689964156840589846142658471473999579873388182278837

25.36644672601280957243609278742131308545745284410125249390198163942382106494284401779745753850468313981069882213984020467688198670

25.34831962944618082089997376343613983112970259907202331095658811898070347985720034971890407952222153824725994580055338868671284060

25.33007793123001316148423477983515384110134890180455332871708865177343440219809539101978893799632941755779822631898428869029324310

25.31172017308811107717907110905750516110204089391628650023241599554282900190719735481529494423957694916843445521885081736069459380

25.29324486873164921784754224070074289218721738703281970002032809427795264607550466167624818512213439200384792286045924594532855826

25.27465050313707051171650553057047332755497513917991234285245565488203780342572030809945135362042459881693738674099776903987036726

25.25593553180056557868289658936010640745113089692618814591961963789080509131661023765552387701496320278897956744973117335025761233

25.23709837996821607231699117064474609033297838070272428637339187751464694165462338215548392944303883845052726146773850981568778569

25.21813744184084241800864481034568936493297038386266634601539965410542627384212012369300009149939963760047967962062005519176991538

25.19905107975255194079857164600886876159341450582058745641616152792186185469858692166613043651870644084183723439234401048339579057

25.17983762332193662264070142017290147328407113452367407615210861133394664710080486039421384890024980320300908830682253903463258654

25.16049536857482036826912233108494566412999374838452534793231987306625797832834992274396324097970698476980561014574091685296575700

25.14102257703740373529754749496061031625261934312849258337704303156580145047830609251147590593734042220100114199573870206934451049

25.12141747479859926092508717497236144657639263717678837704653261217315838245420782893719529488184124291516709634439438158143436761

25.10167825154029271676921249191564779147237657132848395270894631831456436858068032377020507360574063535450740175992503377416408841

25.08180305953420467082093380078805130620339436826089659870017403818639203694031019665984058043548961507984861923568944854349281819

25.06179001260396233219175763947246897450911669308941025251905068058482338951901154874235464072757637294399080541244882053100799433

25.04163718505092373416110121576942124772699063644562060277956968094999899681329748619530535662660632511261529353458764005092059174

25.02134261054222449314979018557284945843999342070824514362147298390613176246363637920301027985236146593889280855168922456641831735

25.00090428095944153751321468556348865815391944133875256818755201074083472596666725078708904798671591623898810647707684200821987213

24.98032014520618803153017450671902853827336219959074422957204035915711887357922269020449481673809430334320901453016738923720414192

24.95958810797286890604667841755157616330134572944523945407052618045215679234457094753066398649678824737556152295793023979649303263

24.93870602845673671542144519231258365050407798518529638442972714057093265622692894797789583337585700736523526462773163967035495101

24.91767171903529261717030821619282687038545150887448200035861903293809738116357068406625322617951424891697658683059226516426996785

24.89648294389097673976589646508075224273369144255200566141603872708247782796067974855186163754920900756344200727436449677305598608

24.87513741758498576444497238539479549257657703559964820935005482067262497154497077100825443932463900555141102757992006543726944109

24.85363280357794272504467393667069093879314141029352424458657265813536713421841896920788982328645943335074940253541911008940621553

24.83196671269502446049435331120445801515966693840495134626887686606887251689263395826257241405773357597703900895160327421660304811

24.81013670153302531450385935366856782115355194545068198433955570725911321948482326579939188865004517474760977045222827866653490289

24.78814027080670114666372110795493380648464221810887619306384194833059074376045275473473960133638312949527537421180792860391453333

24.76597486363159486075221896089731665389742861821331972880332759029581310723267073980175532339658212406479543232188708091709392091

24.74363786374039300570281377157612698482808411682569671301848152506661092509427676733006698685740005558343066340396262651874747983

24.72112659362970187209026682039336379059694635892922104346888673554283090944195651027963148565346425272732895817321117492322535107

24.69843831263396019461223732310609939967884029651171528821018135817465518889589172508628412652218272925718646231436237472500887015

24.67557021492302347854552099030837831725069371305953374248105484123276439139610153655870861239011555916041386669887447844625939731

24.65251942741976116531856526012854790861796124741611043843166491702836545967720072514517802563997727714729921765752302164804932317

24.62928300763380158743055029209822814899166899795156069763109565639537360472868110170222575378297312469363622575434580608830340930

24.60585794140734002430415890352916103516958882988306426722656519386815617578761217968233939506106964442151049682370231778699433746

24.58224114056869109770401500016099353813711338659338086200562294071204478939513993432523937415687922098774920566721061307238842575

24.55842944048901728643549354561886901745567926761486303446339167764016844594051015316750116693445841032885980253718071841212486673

24.53441959753739919519391870903811337240552930436440370184280888768879552774521979163531665632119109437715086705298381808141304093

24.51020828642912927045084710514969721613722378267599076430629706240413429648168042542358598479165262291206188479337193126248986307

24.48579209746180745257864177838226733844715391535571173518503340242094193230226633232930469441435168498305252414325384388938613399

24.46116753363349335553721837446489214730493308311133633475374899861269256196097676628577642012674553593574747964160693928911732802

24.43633100763682336199153814976920927897360858733082939156001386353191920166258766289605863678637272918457841520697410866952965838

24.41127883872263078577350341614195123753204225771399000501475362803891506742445685503472626873235016790439776675522785205880879246

24.38600724942621102897400141689478847860698296471756058541513151253749390832787328097453174276332691888276386610591753773749617574

24.36051236214894950843422767828476316634197659048681490545830985667330678031914738612601111338525642571993070657230193372812655563

24.33479019558757560442006066234971367560278688323603376786559539393592519355795993025593713336353071525349988742321489474058339526

24.30883666100281879509850335273739891748079352605091342546495705298438411051570386643260239992294442355144795640338683331586185663

24.28264755831872053586375759453636420808793177898005513984714776007762560371775108189009342590414221824509977794689036096695686946

24.25621857204329466967535334496609017563152564655594581432827075883817274245289227828410270184114619937041560501321423360112343306

24.22954526700062680430421400364622610922728534343335296568019553609533595542954491506152605377191945220029200547525379577321720809

24.20262308386385585543282891553058304120413470712429765686942696003740629176098537107711227157572460001027886719347159920837902639

24.17544733447778487360978681912771868147988695357093698880710962675004441040820227458063567127519884346694135276364634888535943513

24.14801319695911933089641127062599521276047312256404679058609489187344801766901898679734581677638909108789094304102250514995066076

24.12031571056152447687213249103677568660029832318879391291656851874635436231150123773004782730644111946052751268474627684992000024

24.09234977029182436591784506278413216426819539427522503707051513866681413611237966294414574799674140996681416278388109075807252687

24.06411012126272801472811632493202543557128715794657542535170482333542790900266162956541516014376753532810083597871304402952029424

24.03559135276645697204673096546527126379925149034238177581754556576084243597370208833976245371072990365551823871040730993824385592

24.00678789205255660190557989955131164364329585098198205341796371768867803725507219623046925832988806641599531320073942295119851109

23.97769399779199330897685768577051312718164312299009677664213205624931463983287108228934448781168494552173743619716820906034499294

23.94830375320836373202497513845842035528157836503184588391115962223141078620478064540313107812874899813356543320962094846388945898

23.91861105885566059781726158092648728718110233976160026372095830506032124330630471335244676976366612517270907271872180269237371737

23.88860962502054373948032842354664629551646194004926997062800394324633704764242776340175595707370587715153794374969240157134152653

23.85829296372544277533650546944484774472217452177508246973007429143345291289431171268427012658932142465838520280050809332818060576

23.82765438030705815361082857684881309492872006409528279741419844086449081539608577924588837717635968103159987218090571090829581768

23.79668696454291639545299814179731510235528464025626161089123817945698186104623300147421938018995750880520353743652546199568979420

23.76538358129655856070779157222018410978819747883373194369131905209303154687679631490685672254895956031094542187619432718348278681

23.73373686064968199501135281174053839989332406081583681233620253827235990960074505960637297435033346941010630648000665427550950332

23.70173918748709596033036548608448901721487987461112408772404130736665293410346388274150068690845789045005437723096243835845176128

23.66938269049767164750752588670969445096916603682236431143873310862299014711397066395127871971832613959853964692983087604702145700

23.63665923055154380079201787415534796364052750256891629602399728349239352642165193728378728024833811961856452208958807757521510269

23.60356038841062958368292519325010017910402524197470357105857990934386747949899536384672503019227026855827700878100221511379549073

23.57007745172604240049887316788091543133748823369142445512245124566980820873303386823699567841943307380269387955417960857744620208

23.53620140127216288268472569039944432146701833970764117528804291859820944407478082614502389419497660101428308537124132791851760073

23.50192289636295097052268155436072948203446773025198614280127734999759771704746700108917744712826508200116392955887783080202598343

23.46723225939150293843524820825837543719550358852795498315110106414260303418500082894578358459860769216408225981528762050890182002

23.43211945942883110545784384071220443664188639392173885643772223966019592709546953434496972295190973854822547885986958834240806542

23.39657409481232246417587602250695972195504798299506858053292517532474718537968600515331411477260058722669899326006304589669023688

23.36058537464826003356178827473206492418428340424488877027242841074040286607597704001762542529758059473838279311644221868323243227

23.32414209914610449861919494206308012752728555598567488960432618420989606752656729575415169870249967038331784193943172751850197828

23.28723263869486328591582687161801347761431695700479457447872756656365518956485171711406811760834840372255998715529662401187455342

23.24984491158373960038480697251199035714846114031768944659504971345787914306183204015777472341553721541899194316166651682120591920

23.21196636026026488152839551485461096811486828747439619514242408554215059314015795305885308039339514776568063938524883676934430173

23.17358392600917239083160731250680308462556034747526788111099292364852471403754978799268677387108182969312548219454941142335074152

23.13468402192425095788007148452016975782551509815214766438809350288039417785607078035499618895313421736506546387508159321487867342

23.09525250403319451279477920252168309407631319856189508963549399961703277907444753336041107668485618815628617679705494593694283003

23.05527464042188443361718019639813620795709316345156090862311895336719063659885023924602816712710986746173666974057201460879017065

23.01473507818943675591406239207796132695167311879873083245296284568238627760201448502671505437094823026091638904822586737122284461

22.97361780804851896298426850423010724054457104312382729209048852572800784868650853794524794316934741688192114688539311785218832323

22.93190612636666741751098985768524649710885753978564733292669055261657750137150979681990265040387264417971131482328942761324730116

22.88958259442335934602037702388645365625621698495470237650468229420512003047604950681820683179235559454854254529805581135474445355

22.84662899463411755473839837123718568278321736145645670531270441406557750909576299980064129290353698604179569394126902409086138905

22.80302628346661166573030538816441576068846774169333352649225636211508920237468305363762415281991614203299346915852451535684479929

22.75875454074417471446946960965503133434698455487798385954906118184428764923398922738241920299271140573117950974919700788322365632

22.71379291499892510669294965800131499053865635643969430230560384489064014347697016309310436143883395210995980924948848454483353075

22.66811956449924642680991189437022343816954082045369820144184823164102694022399550609051024179699313664669968217805410580191265570

22.62171159353412187411053765345289410979872457064698501116264839209123729793744859864056014431465490589083006608806783520525690766

22.57454498348903738338938264676874819602827672847274197754113033178676417462123344662616608018331037008416445625518226138028775166

22.52659451819403062851942054907284396889944799768692967712485462492743310697046329260243312796038427125019037293474928448453430746

22.47783370296300567319402649411412655655901188780447262996414101394728434370999700158448904285513165836828406972823828144117244407

22.42823467667352208826038794048915739530838248918781766139595102523408212408175295191770262255433142941813842370273411380826633918

22.37776811615657171900142702540935327305253824550776538522928331122417775187025175814525604628207041195228416301325003235707358580

22.32640313207480811433598976494839066498552453856015365250221624623050526162085604815370234150074145904994136931890086282997282417

22.27410715536344027056422909698857230350315105193334739002299715000357306164651184642767803680158478634376800047665866730990919846

22.22084581318834948741732229291149831435882188522394703007448178213838280126645870828285530609446768804082200617214733412222701516

22.16658279323832848130378976008532192256509032289585132991662517902233594278794103866492393701153851349840113255057019214606877815

22.11127969500956826448765090244772592826073628722456229369437383207290224819428130351470779001016577255312892261039294063782408738

22.05489586655691604882057310654167649309028658401364687443019239248842014603088563376534288022336375793187672687541234369989284625

21.99738822497354132824575626019360139248781369513836431293518605172875993296249815675947529666411409916436266020472947696354850871

21.93871105861311579421852718763275346101568214246008142990177105471985858310542313988329464703017503888622747968049224142160158740

21.87881580877996070654809825232634585011096521926320159107371453971705555782580921276302218303899313472293790382907861947102367039

21.81765082827499446919333691544893234668951642710596138809367554167690906671688226280865496621003358530497271167114885631422494096

21.75516111378917485600271378537490348886113848166457609961449333205126250511607507897932436614777036947903244029118041751000937261

21.69128800866981085644579754258428631620236713801295702770552384159096395615738476267190853859380514147853131937427226268666341557

21.62596887203431319309235144242135049731711546982155377074099712084287217540257726740992017955670391835665438756487281916089807783

21.55913670955303999245869408617534074159309705738244758294086019701061797320314127640586175286232549936789154217320049441601207995

21.49071976044607371426523566940292863504016942880934039404793939229190794350275327835561827371928299213322353627024942458491758885

21.42064103431093904381482083895669992417912220399098143691853782170975858723872941047711035158439977141202462610773600307308693747

21.34881779028559046678299914088453146458459780527079269131721227986792598940061652084712984395014995350460325473012270254064708775

21.27516094971096887623395715643604400278621682962771599925378271633416467433325047011138149270779571019939075627225878213990603492

21.19957443183641537714517739233568997896502944860973981558403461547041692173901370263627536889871420350360384557642394433483557134

21.12195440014116608124019457637052566188844722774483534440079777717918768455414117091437869932473603566002849041871325984468626240

21.04218840443913099827843924687312846609835592797450943230871828189274649215890930231514612034237327789653380647270174868079292877

20.96015440098055373953403694799309675255033088762346898590867858631657606173712856374177336995289984249919137913474927628037702384

20.87571962911863451369628799884642601109641004340601124231400353222202817838427739772851035294918148925887204334050967597394061084

20.78873931858391180087382321659215372166960209818871725099542746565041541254832777432339634126531659854293732748254996221752810241

20.69905519575782692433588936725174946499260915097139281547999787126147261702231917344068371184941382861277692629416759956526229473

20.60649375023403889423083123311653136970570136597147450025466515593956210842903381950451347121178474354914687317883951751358973705

20.51086421396835482471068774039528109464289142774989808480430925158709711211654807653146002205353973117994510048271521546823365799

20.41195619386352212349101972584783247927666590031815653355889360260114406604919290920633456484817118158706604792385918814916616145

20.30953688392466891804786494802289006976160674746669733849907013230960970934767337162006354225797596345975855488181262042078276325

20.20334776407525216392434875426245174262024132866545036640060595770763180536548514566235635037724765895850884947330431996591815370

20.09310066784929101682047696486344793845395449635437549660261802537144792734791684178457183627196386008960435225058118648216272489

19.97847306838689144879016903211025760874975860381739247274308516622193448086075516420343689573648814355495085932030679860346457778

19.85910238850552783584771602539897500525044927674625347657095695718872672075310045554393980568053387230082289170340352975914059805

19.73457908187245586580119324114190755029693632471349860021210080626767019703014780801539654902093501325620774551044593948926488555

19.60443815232734532158768464197198333932620230920089379039391894400475134517481522900622831095112320349567054423624083585645955722

19.46814866815780619940263318019535968573323104899242511325521989694318000930706353348319424712397016644910347818072191309453626859

19.32510067408121192587814854212969556632181725234145547526561912673056116114111902020230409036372472821520565701033496426718470375

19.17458868522566244165722624448023282801964420051977898390930854580786343942252686070757407412548535339893851064271051622066944854

19.01579063255143393886139524779026741207527651768382380052459475169739354606651047009999429929909289034435861515845236402821790663

18.84774066725344253063677046634212441761882305610448879632518291825366100929481788671078327766289624609148833404841077452479692815

18.66929354064731796226634926453746756919185044422185663771143429895335100765505381676971172928378194764775413018876167357674774707

18.47907721947053879120967493201351536542132498140954874998251888581265124408903510210970142276621859575581731330817581029144781625

18.27542874137564743345265021835048838738780764911537382347435800132022862215972952858548883084063546023156830647342541754687506349

18.05630565081314958480276736738738375173017229257659763974951687705752497800291224666912392700250613015275855508102618286504805404

17.81916093122418099027281643451799994557939414926704727329241088051670763461936915024923532264851015803985553649179698564334506180

17.56076173923242920530494784876025136350973631546459185471123060802289271777984309329382993965938329062436802495367601460513579304

17.27691861104213131417163226842121935357651115985667614291736302453826175152466307794020980562309659277755036625967437512243455041

16.96206618666972498598034604272658290103514221106497472128588440182060533193308723366644518580388460691783124199991424410741395585

16.60858553868243464201639528146635494761388327094087358306295793184822966812863924042063104201803875444568237619889006932277800091

16.20564967880982671599764656560483994084676349487342108559929168902857137584597435188888004762641945927980646031102635439634097125

15.73712235420460009228320501307033071279039853560838100381049202479191126303676080411559814094911673773560005498575065062414217220

15.17739118830419926850873783108361688515841662358997357153369257057245397783334174887256510569236989341490171299758033841914907685

14.48208256100810165763045226349848504474637271279904525201493754947126971787845030160429732161846546831798481112658813240151522992

13.56354477588254583845817949318077909918390352120918366961522560651465877503595463103918881161802900509841262186924152518771368106

12.20535727182778954192746821586866531499592726125561760035680231947665046746046768926948465728439791251376430677216455311774977764

9.51458747108566653435472347625249384970449819278227680826738400502058582500363946145953664562602291288798623946240745466617740249
