
Number read was : 	30447686857555152666860368075992141043308832289120246288657846380538996794608835958544046240163340857

22.34240179757440860902763674808903872773771660575588972499099030650259963022219827392876739166239299325433437925551159332568708350

22.31330114249378365723479609618649566341023960892831188676898532512627932124697320014262541036391617154884244789710605915841953054

22.28390399914933228714523310773285035705545665951406000436937846090864002384870229529530834637560174984930055662962885866111322850

22.25420426382998759284425152960523856448266820205135888350095521659401905967248153393942513301880597973739651754381780230580211643

22.22419564237968952558401014901955224945651039535924857225814047468485807288775424671220260673023763087289949772417268861254675683

22.19387164219113983902331692080720491720655430668536958512717933541539100251312753141222099798880347811468870349530364424455194828

22.16322556377435893243057784180870193441597425075986809018697387206121577645067300873806806980651796159391033417590254317473618915

22.13225049187265552390144118295566491971934260108712517446913026459993113284822654412847151914041858734115682504083108428998789546

22.10093928609653941930910052240302028270549852073847023438074782041305524658699631937535903880250803742675120258216872008033145437

22.06928457104384435006245116588282374958100567297760099224762809753265543021883094053946111113545329588962453413200406775196220857

22.03727872587186370017203588676127817002200734121177713208253246314560999447255273571860040988083220166415297059509320244647237372

22.00491387328461665153765972714765079229792293283041263526793602591015534814187237013687135297395173699526049129516963088554830354

21.97218186789543326596876853422638365929934190507263747466234160863396743642587703873408677804985419730481552704820805531027337336

21.93907428392184912226956395951893043835339952838252490706028482773453329981655864146517730350841012833215284383132717500391970608

21.90558240216630524376727132334971329825255739737801086365916567378669779176589336492496173737198383744452282107160123024204277157

21.87169719623232579337610311941562245451350583774539019713467285828040316003070959746615727479151695728176446829442847989371722062

21.83740931792165925619016364885505112495047456851128412826084340289388195215634928699851454048080473070753272804327605396076689309

21.80270908175327922565684846520543170528259307800636876689554213501552986904855300952741110375361985822591732305845739757962721109

21.76758644854010432028146827697444794050709916051897909125146090303802734116419260833597823915848274153131977812834079285428866174

21.73203100795376360553985301196190719536370708426003422751910911168934312188920799494827226639951178665590824088615850306610928645

21.69603196000164841586524182282948659155559926212892781489734318753690521105375760958578813468645903041175580234286383617210086522

21.65957809533379085364758916556649168268209257884160067313490442908564227042007071543802122273401397361147664565979250656329881213

21.62265777428972263877063607411955910086228506620556343129790229072797062401716754385905069358505427347214982701090718394902765295

21.58525890458731534696302083308707422918886429733991747525314460724814617403158283654719680008131957167127347976518319330054886749

21.54736891754659392404300632472231776038102874700563573265661274800531654536376792544928420231461070687606445587244894446776683930

21.50897474273154693302142750681184791442700128134664306275823293612590563561848289751995279036405943827067357500622041383018876862

21.47006278088191317486794266191026935436380323254570940720635475857911706025591987493629192954697570184760978125813194277458082703

21.43061887499467231318776882184556017160762975361944055421585878872358938475327783620079551701647917324795757761241957854062339293

21.39062827940135671643586987087242123379079481597876222716859896098124201568568753235682658771749246815585628370346397597016870382

21.35007562667216060784303061509279811429052602415616586939433415557822431140717698520383530454929734282443892642090971561090389860

21.30894489216095473652549949686539820250535318437455490830499147812471828818209794952290709633254950823762650263039700792475124082

21.26721935598649506217896404086791249514452231650435877970826385289175358790965160610224671249062849287087618561702035564996284034

21.22488156222408485791671698707715790505910426302142698352439999547097340889240031470910813362316488855746489228625761938594792989

21.18191327505841482077865229725024639497618832202002561390041644542384910154983151559930480697418990365702051875443500148294886426

21.13829543162192436485248158021631310410214893499336068552315393098066942699905831525570186642376350596204540208864523832629290214

21.09400809121340596976521060669698237058355314198364244996583293403927014100961347895758896150817988902861360486372096484971058863

21.04903038055825852932973173164015150867765372898567266117018130843030612086891454934078733904883474783833605839006756935005836415

21.00334043473425866143772110048837305220303637915111249531237282777195161724719800593329802018284490758688652426891596420375907289

20.95691533334434928743768382830311074797336044880496721101636403716432231794103794787773064952765263003642836870574728956428250829

20.90973103147003130103376917698166372945639138962988091772920939315278200113540300427896061349291956992231610847491227606041191000

20.86176228488465698949012832192326146372146997575084955902179946242580924315385541035715880351628065358699895363288735529489390571

20.81298256894429318577611827801695277521763428132311591739730287291805735877545148589430601183109686927025662699929840686664754427

20.76336399050371102741975706422016320581844623441038685409941836949216718884971737924746605524983832519767612957092105734239890547

20.71287719212513193316589319872411927877585008832741142933163883966477524491468111091805596258561306539064883431618064793139689315

20.66149124775604230193766577470416600438535512804910133944997150157961470977663320160450911298470053397415984121015348335306086685

20.60917354894782320455735906504217233974345396451124940992329659577432275211674367844525453433842702590346572497755942096256494849

20.55588968056692353901024488447988694188002987760635446545725965325426951753980390706002285391376820011263099825664710077818853028

20.50160328481221856473313354153640774581263199364697658797574662682755430660863864365190819770612376209844238038698948434956496068

20.44627591219292135227859215174638149103541631289638358344031056746044172517904671441092391700594847760538878204210275335020687903

20.38986685793722343975047739779697791504468327077124546198051782712624419398061909379498882683899418044537740059318701532851930418

20.33233298208825993493444789324203799751129861628543124045530196863442214307494535688805988183317478457298073647797965450877343010

20.27362851129564033021176012330182978272421156205494275801284105890805635678175769776408226872358658969332981918553040089618606519

20.21370482002115772281796558962878147608024494040671835008678486023385330928540258603697774188507965063288616614595580798296810767

20.15251018853850489438768023357987926233075133320589066356262216524577859477694612184804296762421026602434076316324059719529917439

20.08998953470929666891428033340421635518878331171779093070577673428258556199711493670549529753939103404713281852158475374256022921

20.02608411604970979795821769437443214656220240547167072000350856916512802539875901162050000614360258968716451249021854642512967700

19.96073119804923623903702308016750928302476198844758125853863860329302019705768154654687228412175260818407049455099319829066570835

19.89386368404770330707665711171305690665979066025955526036351347560835970580672741183547677105181271606447530664317678526623282281

19.82540970119694408612745960161261808192381227811103548638752603917930184794421195231813830406772131395054608167472535313272266619

19.75529213610207842750986329468226225991645973975793449217353778013998345617490069710239300972523125369431655965851543557938483717

19.68342811262027922774114962671289878557230266779934557829569154799391173349905670316435242693332079500301954199433170692547244467

19.60972840294944921641574727662186944625022756781619561235723941401656018801427547877797677161239281138928342842563811748964416213

19.53409676151152038616241962715592972368782669682090662899221731248600055043268679092653468977548201075820688647220023647154992547

19.45642916915669378097937651942182357998587530416675321617882497863549253546151694908478297714906488996461644289699545568890256040

19.37661297279850729366946646584629579870727793389907353631598546293261338011359583988847832118944414466219130162600925782181322804

19.29452590262293060688388858528361355482191311138165079895727546616924683743893109946452852944478769892041384690383834444660324134

19.21003494535263237973943942521279387987246793000516606870771980017094301922243762011656755101032193448716796740868680977494032636

19.12299504750123484644732058547492686045041683390332517640429980875581692563402356363274643758071376018671077082984018103609337016

19.03324761687404850195757752921947737301519779052981103183923222487030722967836672144465562102105896283839183628422587841561967297

18.94061878343416143316685850808354430229695490922229273256788577222289533336866641127337501305894368976908868668243203554881559422

18.84491737161988581991305033560560753009012072767577725643498718724064909291758208418948509387965669318002894112747698899811164227

18.74593252468578543864686378459906764524206927176083804329219442931574166996826116023605506225228116586623313103267599907388884309

18.64343090685091386984203274952736181354693415462030912044395015105417885827016261802160896155631107674726777538913236850129565540

18.53715338988784615880119260721972054127831237531496040758655763048688305414695601095026019563164268623928213479884914540668378056

18.42681110577193098000408355026354741049556786588068265485812805909366457142580347753951864534372666188902700093290176438549965323

18.31208071403104872572763231807365344786706593181242294144041596160950213787313950115763969662808681258357325095905154995816570827

18.19259868852005938273245605700980125873477475767713107561899628467884663586764776084815141929161674642037456014419308306082629044

18.06795436923342655336103747796971466594792311406688191328686220945355751232334497124602440486074089002739772284855394121473784533

17.93768144428133974448434097602783768315446161145610874253164471799027261517794113317214399818858109710073654422463445457343334452

17.80124741617774895588582793358141329413230003974462464922746795860725932718379105874027096954760173519464614042609915564851024911

17.65804045148147940409746731288321974464115082944370233270114273322269090139657716578259446156618740738001870375230589136921157969

17.50735279281397194261863505776162412687224978196708201373290383329961076941665888133163532872771665856011696668466815791599846197

17.34835959509362381084387501980309242663752413687610999724455731928199303548384173403554272665537385954217438778025149504752773202

17.18009158236533996341400251579588632506673204833655744554580747707633383445295856499964032951321906394849068197272840888201044364

17.00139922501372856577732094196158603896631866058562563979047924732046337919242401325605290308036391363907710979373174106490509432

16.81090507171433169767490618206492487880108131659385152835836340386714228989095425449834478849640908850490347297948314432569384701

16.60693920080237206631414521699988874549338193657323873412680635898440950137858662185516398075712881389999262040349252111999565285

16.38745006666652849801936265332253589202468054944066944325609771229985698248081655852680622362692473702061394104277206314482599703

16.14987854980579838967245246132979556096164979667330812703836997068630561040083609035203905532516767901306426447846606824545224980

15.89097533171392151397020104281746779614697738788867943599083892070169751105028509518219580871028449216068494593298265940820565500

15.60652793440917984036361900895209869088575232011578855206143591844773380059486186470607546741629089096326579012595768072893908652

15.29093785040978640595696517618223368134487448659776978391741711869394984675381247474782245496455393508136733064592555822713470134

14.93653662131833638160722326990791587530674330801032574406536646990013869361793805252574686160467703717181869280740284903182632863

14.53241983834007729914989427575046279328884889283967192767456686260268822368570475378908285672930267743209542807739604203625816181

14.06232321752355209732438382902885685457556523796263320065833937412792033720854991619359221316756461124825482340496072513966067260

13.50040673468338201211232398889305363453903347738244916470229452791733970751859032153279505362643714489462056057396408762004401289

12.80185109941621371621905747711551446577548320143263726588374440509153447302892165609700318951046190202439116059856065576449242666

11.87800959343224409286836483191913709437910698715356524536093580830016316872365584052701366510376880277518463448955520109245981107

10.50983570807871220549759168337695434025838746324774204595114227627100815304201012930478068606111194938254628756539749602887804562

7.80228316999694398910211853297956619375656122402171183170786481794165859952841239595523720688396877747973314317380906863866660113
