
Number read was : 	2462637366589200839876839375728008965700102431203701613339999863410988078897352596706571843617158652396896912930155332960927002153235309160841

23.82895880304213961980628264711449055746443523997915137088833930279620719887455058284883879715519353589913999163646081322571722931

23.80837635375263814336567558532674342251266156854930018634397461055175839861463742220922464554003808091161612499335757338608830526

23.78764602731181093866551794922671033737852362722453055105620291518819397080536624014449708422385904192631468670280179074914077456

23.76676568344718161353839334058874397858290966297612421404851466926912968420330612129908183291008797228794604843291994890059435564

23.74573313508204561654364312451691433337275592906603608843724413450296876264120129111098052167356512909932446093861699426773676479

23.72454614696073283242588708240631815096640396113348777505401979493186435724047358096654221068031433032434568987353007433113539678

23.70320243422302288870885304780820026886051551685286142534226063814008093594255360488820406185089264516018347039785715800792857190

23.68169966092543951981348436035705327781072513700255589103553530149617457122849069488468729096708308968172141317511996658852019632

23.66003543850703083204429572288929887082940147128811451256326638543744778083994896721395397480117553515283595324421144446840287436

23.63820732419711557702522605403169078978095326798331745864269000633407325967729975275472425922575162955603638504593192479018770394

23.61621281936234107646217528565062466625833079942704209949769382681868721641004963126583228233187698308602843740458118217753977797

23.59404936779025571312179146513627013771551867525445713954422982458465483011188247528218710879198095444936007846908997970511208870

23.57171435390644733593812804837067252606993471506981560960083852926133011206871292203496387253932262315108376947018000195226205103

23.54920510092213790056937342464732558323470112114995611338465552374637845188568999365188698128272867024578612089250142964274112483

23.52651886890895351110566052508097718903276354007698025381470751442629460482966635551220837423188145857281245506847506153280802061

23.50365285279740702150228832137526007242348294427547390811368946813756221885848168382405668888092883206072748588852541715149741498

23.48060418029543671649135214410000527825204469828666066116499584744035236729673361231912216941206069579273238450833552950160335067

23.45736990972313847819154103238943979354633223771897515028244676229425196417938551393210036219834693811807160336990312176068717362

23.43394702775960934493473404209017779015153520403538304386791390121186382748766194093355639100651334958461651551774883738165026594

23.41033244709758649690254923739557203160384440373936510772272430596439231115657612365008388045974084829789705228889645770609074395

23.38652300400131639158729078341626873498799215949719781342797868439239493928376742097219003299673545977581377998131988338714895098

23.36251545576282286461037716003048738934427667040655320385783026400425131987712065262045126789436051492151826543644589107051038549

23.33830647805145925566492884462747138408978686088970997073665898963994632766022855589512854790485306112709026484421076081559998139

23.31389266215132664730239488253053565310092275126696890870924494273679453130867559693142766681583530388790053737488858369101462201

23.28927051208081668003628119482882037233188742813285291432058149030578129834488682989952905047848970607252031383065021708710834431

23.26443644158819141824923429003998486255745087897854298104712434575582042332006476806954908800511502722817004636103863030730300303

23.23938677101674285869684554191784146875049695967455587079245583129522685413256389225522513546220273402090198933542940313969433586

23.21411772403267870479995684283365583199565217363414478397779484697204877713020105817374887357317528116210564270166395803926917638

23.18862542420845723110470729506076194897258583641097366213863677764135840651684124967927428959645148287813226765293927433135395276

23.16290589145383991560743662364349999118949486322710086475363294709878965106115473485047866920032219248725795438741810151083830671

23.13695503828644379635799742439654740574593996019073645447771245186589025080115714031398029217785412026488040188419871384305379568

23.11076866593305335132763259478586552411844884057423814768189553201155295043617628998650677819726679879624877964694571307169029696

23.08434246025239135964244827372141506841546551259087816506689929241808936590006086656331668512750185308467234306213120421730076994

23.05767198746944637778616219550451490066033696020391508860563622769726113096413664595837444796080374604231487381544292910014507284

23.03075268971080773168575134043459914669993082162190348440013164642891626295188943204839522920350884538494850868094724257050673406

23.00357988032976348513710754496782872371831660871102878568723678184026338639415811557749361528568679085578972573484059774599601760

22.97614873900916845607876499315393496986177857582502100684662342213156308646467491094311711429191889001370527161130179021404201066

22.94845430662928356757790770196496186857205812111115847317509104937619888840405767364731000950230848691477235657460460073942032199

22.92049147988691948260073924480895188730354690253276067721967652509222310813645060303798065423577873758906023216289635924480067929

22.89225500565128120948284029607884076473411359698227077837970466326874824924242231753162372215303312484323524890295834157965523167

22.86373947504090003234380429288517023120395453682940434642850226741798821146275678067916300420641455061470124486500324341157551207

22.83493931720494813485567807909975952708739959400392632334704237766807328504895799086932089471548895791113449726614370451011593455

22.80584879279105227690471946506794539474255483745293517891027859203080323945562920240582281301181037298815791811932509587561443568

22.77646198708044780516506477868973518832670177075956888259241466029548727729305481940633245955220238673267486003898349527659072743

22.74677280276993426112736604074698239369298164945239748011167498343425181297574939042434967939219751852776241474897122320125070420

22.71677495237859899494017455867554398846773834319110271857079035651512494867116336433787992324002581947363242722537826401198637167

22.68646195025565473037112002879646329751286154891104372176362200615381328510120786235209427715280327661256711561350193592854997910

22.65582710416397889677907535307400229359554991309665381781458117270719083208818290553149381866453230221556469944934700430075656924

22.62486350641203346484281195577467568481728425442375661248677830163340262433973942060966835477289337849065843521062660868507545268

22.59356402450476926743662400319627938120851574758818239569280866269764649020019963479769084385146993544817930255499135133856122188

22.56192129128186196389884148838585329197216359953703950376225589003064598670411476787223647244965710401361074478552191049719795163

22.52992769450916980594564081995845552387566823029728239664692712227007018848551342082627083937823764139486564898720721769476338606

22.49757536588662593591293583175647885679600733924763826566351077365371602919263876861705356922617418429465732422728865314372891533

22.46485616943285756998355869924414185742754416634253764737395864726517198824534254679004894631482775511165690864425239366742692872

22.43176168920363612433861066588585617753400927695280164316559006172079399177297297799496909512774034768205231002052169934188373069

22.39828321629777798077788886568253015517981883949156103392325926996838967641085133117631439308917391741216012652344141706893247972

22.36441173510030403742140198166159059085600793230671046901210179851626056032720586793538745931246461691681624982838393733388539060

22.33013790870849237126566550968484634484785667023092982288064005374947108825590922042610449356614013072632815090181927275344546346

22.29545206348188305609690849308609032655267831326416528977432828878241446555523244453863766730934423394199888755408538744357725600

22.26034417265227351186019153883769643401823247436451036468386748014947287322533073167801074710649586496483242745545264847958912526

22.22480383892422731966201258425297675624167669947260497954330597856174352016401465813735453681831455620363883797853866499488907972

22.18882027599055359151481860069341162931625489011748533060504152541187968202556974806500905850670373647953123990174803133921858665

22.15238228888053534443229477749199874692974869786647550172330778807492870375097181569049487583770406258101779759575046733801994099

22.11547825305132312551831984650876946153810048983058076781409201566542910340074855712991053802585854079241454122367601603811332505

22.07809609212478485449821150797688136220226614883389026678707511274746569184478676735955244247314811991794307970912783168142755421

22.04022325416312425549126288450141562010831112622975885596207686042333128336226411683163509411967577227467601291858502733649290581

22.00184668636664603319424092033452009521026731102387384874359105124479086543469003561898979535574000104401420973589163113107902287

21.96295280806604054012938704509297041661733920866149930675950447490048183829576581280595611635072794310492611570803798843261430845

21.92352748186935181231111302459486482459334700407832665035284524923591666608063183345374812105753999683956730863916272255692673744

21.88355598281023097346415536896284407083298405376860980786138233835987163685195519824864529515745219400263272278075951396824275713

21.84302296532899059113371009322441392564952528492488964301769142629518422592396552862302547466745724008776257654760902969556889217

21.80191242790116940183251462371538233154481944498935800848445206187986208327635269330430475042293618947281106454219047128247540220

21.76020767510956698051570023584752583475540606151756752494954895577781248827179568526312470082772219572024381863956527003645408409

21.71789127693475781006074042693198471734991831688536682105853910891295945647307694252668627177514223957165469268145549627494030672

21.67494502501564918128290411625924243295846899402066697472215386425210702827478015883325548880404555070018773558169636638748883961

21.63134988560536785090099209893968807814214183307928563602283811070425414614823803457819535762937728033068154020682247614493032546

21.58708594891825510782747270997403444796599479196087291420661301089988423543004196363748347183920505102593238231799713986085466997

21.54213237453056655885023686883023055385111019753144732956188542830475801432011995856543733046499674165757304873097283630108852609

21.49646733246008716601458372162879899439732914303876846350310737636995076730762049112473117223233420737600650312093428811089862737

21.45006793950767593835226717762027265601506686769932205270719571444417281563093574732270241175062772874107455103387756643239118457

21.40291019039604019662255821468389588611574176852637063078425641220339867721257564230999691714753052808150587905706352718354164034

21.35496888318698103260459175569644446955369506015196198913450077370201809131274722744170179291770135836662217098723798241447909106

21.30621753839698487150807419238307502697683050915289059114708510392467863006364000398085060982883438042076622644015895286617700219

21.25662831116122983549201210245324891017443820546000679279488413291454962834305321550596321920348719227537617327605728898929714395

21.20617189571650152004779079794691983952039541564920583519985339536941629878197489873430538616741943772750579724214336633140414967

21.15481742138260565118332748965144053240942065381855698614230852240832131326950911638525589174799229526857568466323727121331818921

21.10253233911777612748673550902050570361762285942222507740498061905553990232975315555837187870277694029826684385712706107501673327

21.04928229760411608649786395725752078403644313652634827499955896733044044682774749238081763423141533989396555878935555560286880151

20.99503100768167462196938511401636017315539142300750601739511951339913836941483969620429134444749984952384159623900192436143553639

20.93974009379125216852802808493104476655976005157334239659488031739909376820841836468062595106626028239484428193644024971706740561

20.88336893090273613933687322299912524949898258670047084342372009063273294980891463921493902887165039344980294829904732744460820772

20.82587446519324946530791705270182271202080646808669488203701544559559483611065645495702788804285423109763769701589158776259279044

20.76721101649229838549664270672399041055676983662764902003901195539276066302966879288955437950007605833079136870106634447871019402

20.70733006022297112320740831340721771088317809733759637305619535599504233999792299995113252231576390836789709734868687139565175836

20.64617998623123550033666713613200404800744280430063943263376465920065649941096116519094993806165307602175476536687199121312218178

20.58370583149998409073814389687284736891328670993308963282129965795182179650056180362447589582798838528547070327257610879743295891

20.51984898327904401198204523208596548824342491362893572636505508207538501940648179863548544844689597902959006619120076068226351040

20.45454684861263363918819874517317472423029313646370940025426949389910753561372003134950897613747905484753430650566192150496746142

20.38773248559413304834189317274570177941937365215523025150405831448465949865140830253633780934853298840131232819277008879198099561

20.31933419090279230213624958379992302776458080531251479736161983690727280123442439375273452858382040900401116183217963050956880172

20.24927503725110214858595964252995109844194402063164110290732623937952684855864347468801387320561088992251512747732858510382301798

20.17747235326123534504617267325740407473862787925204403536205283321194611744990224469627644906906806234676470625709109553608091235

20.10383713695185284276647107417551967724879527004022730857671326898164130601559367448553672397735921736276994666324336188077761293

20.02827339239917036606842211615562595751693474476080565228787835702864100176174510776998257519698956182940973728183793582003224791

19.95067737717061665860180269245938241571358379013070127254567747240640612384833676942546637287690878569185763282093647854860459414

19.87093674572903061864828661699261933630061982912950521646762453688276742614769950540157957528283735980233547985796094330569347506

19.78892957105883947339040962278593211746945288412085537672532265997878276160777640056247344698355237499305607987658419640158060778

19.70452322312914756896069900377734948606453738605682502553111962569187255372921687579635061496832898275736486070931513862646214033

19.61757307829486228833170033776317443885330716296330095569194490726213167261098560374261736301379833032615672191761449069530572397

19.52792102810036398080304002095012028304912257180837247625536309540195338347718416569362696966690366544276208476309834919786011133

19.43539374886645524216074693223953399490422769836882900851590666831061643844651138165261299260041635620161306757586085129868437277

19.33980068447850473580406529119318011083541008579860106169656807482342585919889835192067955991659945938193727729380442840138213312

19.24093168337178447613538504438355518126920640483735249677861448066836421796815238203153154989599616020965265881056801132058739928

19.13855421604289378064999992473901246695267793099611668802792978172560395961581437012130046037510943299878025961873056491154547006

19.03241008042824115424778943035511731273477599202029960809723548070003789658967132047796359845668860035062841346296525431136074963

18.92221147769484490194855218566513916446681281684551709121230129211163469733088112493866354729916608862493549441444005526515594895

18.80763630830694890585821589890797064301362647787505447867230404701744444816348282420342884341779835999134834548288338706471553378

18.68832249472516910356369525564388579929016729932788585815925545822041750969390133647665573510359326751854270144250024512786015350

18.56386107855431620668199903838504323874917806860015758748326018800097536594475652710960794224027419297613385208394604841735366541

18.43378776027220121098766172631226798285116959704634734906520294680604129398159682484602539206015440755969498679618635200468993309

18.29757243984534148968063928674937175876212472519811827065601472816773732633654483969444589091205705877683188817262435677864702075

18.15460616310081221625086750085226933622647668388998645666155177071700313455761901088639450157563899003481531373633759113054721248

18.00418466117146704463476512402741658010903244235156169873884441246896369132342029428187944865467291944244689533340420726590479491

17.84548735685261535641556742174426727880205741564120663604308918863319124749492487839929716667922608955930581088014922438751159228

17.67755025192254146483507228361474862458532583669895287673249341136706099691623501491757332390662741511119798340517756765129692370

17.49923042177448695583075970353797769607555681173378037489881348766436681379955196526510056804828239204749090723748265342616966950

17.30915879252054282306436633769176694226032268425779216324095816748745528519678278909877940725573125824156630994229141674904970908

17.10567622951330079310249137662100606783718794373680290461418318381647041260813716491397470023219604040471819282213596672692058743

16.88674531696388284377117002631722259654866128717732547806777184845907911297664693668066355620558190601450931124550902321663299671

16.64982581122390748788419790382026899818572999064896783205103803773192989927247659632398902995294754206378425440785253535695234051

16.39169419024793538609870161155735763515399491914267773839692492822868396477064321646246097760474307063400102236647301157190183631

16.10817418338015644447644078874618178860985805242387918818232837304764944823008140376497962428045246388865551912751914315080159175

15.79371973950985888832650766481292658914424744405614183438243934193425543726756566965772616467134881461393593063291746095574894135

15.44074136558677213845176118531800111072413830596822505724434640972936347456300681752301901384066244944482568438205988720114340246

15.03845927577762724273554853870409813822758970011363881108706719545156204658086471734579977903956064764594927362977619118359030112

14.57081798879178358132271785147512180992945366154196911215158339650393524150766157689060926221486458170685555887100534356991829384

14.01235580064991307557929624884559515770983151575090985194102048329443814178707129721891104444669024066153113556434473979202547547

13.31901631607343753639838758374198354530003302336253397322927277947997712507784559563319562263484352371668108550491994858222862257

12.40395059179401888467653400453518254397497261467653143488657255342554142398580856229149792713057625444621807761267996163772137399

11.05354225176204263400823780473130573126385922786912133329811340767698777025143449555495900178092860790516193216099707720774715911

8.39696410429882013566672206899052910952429516268053614535561529081423483554719539258288068896532185141760787785683499207270758615
