
Number read was : 	320713566596458371177618926157259315312519244234241918901090697246748318441923406254831055332520677641

22.38306637629818287316575138599590906683934484224244312107170661909665132509968028860060173816866107753499681885520067120179284195

22.35423258998174789463843990475547841890205756463608209810097057074791146300839519797710448839415564465263854937285921392483040226

22.32510775536222220168725819868893752277978060898210376148159669258233903556720202122721108796360212589482244466725418424219009654

22.29568593677835765040779905431779964035253815489298347327693689937529981490368344365829073137165104460458011417528837625873275868

22.26596101511779403762583725886522792744941451830504853673249976219116748868195075040545440062511150026479809984102611410395024551

22.23592668017848114396391152067675266262703250041230586777886042316136189316043838776700927054162288791325025943234860862780250083

22.20557642262834318125249286515148662696116559247181615101639483344871349710201862174826884617223284071473679538686168541519539960

22.17490352553755883487612047183096572046811293929731515851765165589278440058893946666722066756854917556060467014272312334009581957

22.14390105545590248402526318454905448454076876559680294209796780353583962271902414728006518985409802850171784031475932226763107172

22.11256185300549706863178595777691719191975166602285001912994311373117566641549311402265844606345237829357816640240700851912891508

22.08087852295704989535151666642129408379235194050849508211216152545726546506804238302945804225881853862410694693518949928394527939

22.04884342375516104236150596641120584863143055071134107725573313929463306841831427170850992645972260171705373425615912982654502229

22.01644865645558947463085485938800163452633136327176437401713040105418695926844454046237891992680894549769165287981915008029444852

21.98368605303441173499762444088056088316917698251447798388908790246564001857459992535285177765613476006773899959802679239759958975

21.95054716402578673219632524512600811836048980214945404529164549991930136223495644692186629852943165558702593071111944126578469263

21.91702324544151935384613345650863587777389428490300818190544993312220644843786489771669003828142642422031982527674847976886407196

21.88310524492176370610996045540676843717971560263179088219135509099360403759556692183944967477249703032088229177164423294456688272

21.84878378706198826872945941369174147087441910705052998628742183560207934448422383923568748660743542733925901501872061282946735034

21.81404915785670043236576230667396673803691376736986229636162310305588118939076634663795365727145031685043103151297186220167659358

21.77889128819535219182833145137962936632971787661234810591123010961758936380156846574367979704474433467004043477074288861989203637

21.74329973634027214339161780579608209567244882362113085908581181508664955981192214386700988148526030598764226713947598875808124376

21.70726366931033506346159343095995435244833682962485882053547511339227923381600278319321582076717517986955481407690386903918899338

21.67077184308732579406474534995885147136784590630599960367823111465172907106174523109404085193538445802238356215354233434195480903

21.63381258155450735131345168671845467376865579081497018062295529628668785842799587390635221040801426258287983203684197015053240725

21.59637375406868331502832209413603441059527352624469641848780676974197544574873640417769014509808831425807665600540263573419089098

21.55844275155796000352919815694418531196453502598728795163614865782520601542075713059066115026459301297524634972056224744381453056

21.52000646102736133944053928250474748836512875526391190180486278570443733213006504333403682228306261151729372918799842023396948273

21.48105123834331055082869490216871811169666171917301682148431903079149897437076797396778857028106550160206986147029895714912957633

21.44156287915563463341223679268435343612437722878510087148641338122443776694014074426080191005643427718935340111040553514595577018

21.40152658780201707006520837718757937649266734657579831680047248035770323571719709383835661593960507201172239855298895436397055557

21.36092694402454822105433503673273082455133629306687313432179560250936039339119205555073242809726973620224129143586489549449619230

21.31974786731100218201994034771452088012774471126905600730477035514898979590352651066677590766914965269294492735771823918890250402

21.27797257865447667101896993487618353447331977916285766565563710092880125047011254972946927162894668055400858310139323159026857029

21.23558355950380772281065677294646576392089710292204623046775623413176607860978062433883552291233991906430063603403946266945583754

21.19256250765341409034303528836151950643413400885121505365880379325097076124827343468475809710620315956722448201551249246105271490

21.14889028979459230018443725050519444972680560431382583421176264952167605480370313371685758350040995213091002745059544206263545267

21.10454689042037414193710048976714541732952750558901807744423850255993937252630924049368912525191210724177416683018401910065223990

21.05951135674241402321507551420308503238098765145036891107365282160412547546543284301115349698281492648066142252468149042304283606

21.01376173924046071839382238011866591155538911005064084497675132009866936082063544807022152498780977144116191482326521093432960610

20.96727502742216773387830030952066351781862607838972792580203323171215124245266489442857147364757027698840623462206444165297185767

20.92002708032258819271074857181571858677536990484115749123019216901727312291215136289555862791807014939971415808591621993675968271

20.87199255121784349466722422775727699536640904599383877870149470060291217352708032352381884907232967470310522912302288667456183561

20.82314480596516721765069433195649396059487065624993929872380258628585126110869303962759386389939894146500210898951470610389569788

20.77345583431065480354223067954494793964033482235500110730442432649987348383698319224718673353386935182964562030992923989667661194

20.72289615342524162084532658544770861683253570082243203409023498612199262970314775052446136763103608299988079379764625881133761945

20.67143470283709139613137797287826052460072613717599732955489246250071920471162012387361424195347602634475600506166756596299406055

20.61903872982281858817528763497390370916231984636943864059058830387225296646402676589655010105289020042439460244005062892461940334

20.56567366419855785163932383773985684025875705123368641094397939091730306126153929180877639253868392677704742187325493028045744459

20.51130298131217609472846568883498899634331890732087178403739666412368164867773413137521328790580096506225685027646874196330060347

20.45588805187673245204997786569399354630378628325986708774136680767114685137212125200782873958492922608369143764879159867115744092

20.39938797709884332010507566391704985828417546317018453599030600356597975545507684735024621372782339378344320121575427310639125938

20.34175940733936184130194511917254769569651060847918694237293711005047243848747948484367615369150740454596258618345566381790282264

20.28295634229226616255667912772975070850725304581124186632486934357691382969686782425827610696617996463981729455824113935768907844

20.22292991037426283969544612789181024756297722911402414995256743198634809162628613311190864998803290767883570593839707159575614438

20.16162812467434159601137676546046329762592777477350975489220116881190920150233164482351189663011023723830482861898247808026597989

20.09899561240961611165883832513838324552053639948202162063234671922250217561248262074618211414658760641201089849019034309054708770

20.03497331435933993049933031280090333079014541195742032221485369514411948327608820856026671290430246798072922851521934746977738509

19.96949815018837925266972304174379980368549132402152756525445849714642950995330190836846005270360577586446011021236582099234050217

19.90250264490664213886648880540649115713011123192360052678414615852756111829445833554371167144146189497988700796023467016720039362

19.83391451091970930759707671962605392133111603421885724015636607304033238136055379067315679865405597865993288362552058491554209197

19.76365617918045576769196471893051520211631425044386280345023136579086557683049204864634877609266711739531392186349267617604595148

19.69164427181714090325308333865569797019358206012697398379604260470388929727566661573562725323660910739582015016721178856577858193

19.61778900724674838954560345226041209313330838659976515977495952774276219832382454664621157002793566640646183692783239195918246729

19.54199352712830518210680870314907954732137193871410220131688813359085209768314217736524211341231446781724202391412371097950610189

19.46415313249969093538905913978827031619473423473614378162981841317749563558054726406706943125359813278694720866667463416394726080

19.38415441398388681577961268338153378229974875429495171671154364151571504447859169199931955445790104628973886639230165186228130092

19.30187425793207824709046389613889726526337016257025625774680340692624450915233762736454203455420403099854352767029796162942287396

19.21717870664322083930918145256008374420861705357540489818607372776791353410720997254310048025951679426238999633704762900331766066

19.12992164616941871899230878886967762974770698277500777093275555494708472712510247762116433292609021456548240652341184085184996839

19.03994328943027424509211761302053159555887797141035654891864697187392216360442616816636073672041070216902440126001324049263163215

18.94706841508210774188118133427989484546612373833747791288469361710368855143950066443711341441987697097532797284879380566653968975

18.85110431337290750042370948053447309872836606126515725986887742489719772595525384885495184887379547121629954258623841754130281347

18.75183837846050722545567788192112977042153170093815753333361039470833205535144119733345213821547382479199233923180940325563442325

18.64903527156505322749721638720105676716148956428311512031292429866897950887718770758700433958888330824284106557517334512276036156

18.54243355975120869184560516739807305890267331632614663700916158383973338826127048066393350509529356252556049417138231930011541440

18.43174170954593230855501262210463301223464842022783732440580548175240887653439287239408779949918870446515995643673162568434653812

18.31663328083214145064140260875041878307257223924480258845677579044589035457145530582856847364546808858790909845354636576366511720

18.19674112145559573610784978173703014263108643814206444603650130577509019126588105110532273520357221113653332622165837676465134569

18.07165030235104043567590699005648618798026599950718566910976955156960867536354649546639359705569806069481245661775465875418943129

17.94088945034992167917591100938628539023495210754541724125260291672684242226487137287989983714899533185947237374275270727760519713

17.80392002175559872347129598404080516104822989827633006310350885933530933144234042625954571164459128342983324092656037120836687973

17.66012290013857253961395985013562049790049789386394407303396172133425851622536277069691141599356531391850019417577750808733961363

17.50878147506476984966827505807732544000041509210209377056522805930310554976900384752581618337111261006485457296429907876629524096

17.34906003111780709925724197044654180468919071737330521128546540728056033304787771672312166180711269032457037268475792022140516070

17.17997579541716304576578169595342227996579705813878259147126921044826602757450829193423827569170075467932412542885485515797512832

17.00036227046187892232881527612046156881208059783674669449766119760277906916904010578746701983413359829305380371276560354633744290

16.80882037358545288019132744786389634583742193156832999424536582502884128915639828907823281254569197181061401306704649244893176232

16.60365216788340025419686299659726369576274074394565520701031804611745812425903289969045859930953826632147169868807731303177272357

16.38276916578787937043027193129916280224878193771375657458948887034803143389656533130824209174731043660165560101840291649825787254

16.14356251556981409554561346536365724600211828322367141551977602032982948533008211968283983863683039429998258945769891686702557535

15.88271431568079676951534616281734940373904479355412554904221362027614498352398971983375085357378569433416595678063353988361231450

15.59591478643965667292070137578420721074224101971787372566556183513120220526180500640414059514367025380335150114660012696025991608

15.27742260764829212240556629013006385418259998918900516660745242697641996225420573569897687070725523949950265124375210953744859802

14.91935085929722392423672991970469728291806845298724663588242584007921189406924692434407805958855505597175332794585354157304875665

14.51044327198445092416615186714475743123535535043656299775557356155203299559221085091141338393907326133337416223706033921119876772

14.03383009411898417162904196398084513337853162252915261289360075581220571867809095627593316636807221565422476475284912036402766943

13.46253337526295866580406956695902696206962666766202696757679592232938090617716347889915085445138385567392603167249614237327711150

12.74931254820157278570122189206007445586943924123119804440829474108040709989765741810590531315579628128378697397091605830503697494

11.79929269573756438670003850066667867799321469082653547246411670913453741139578294669485146964458699571825998737756761060373214016

10.37101445989837851989074042184406202065727827787396433874772606052743909562292681944623171546547307514671552617839676465225526409

7.37643118489006469835908673677164483219980837378650759704125770041289197605713957182068281605324472709664651462043339983851338866
