
Number read was : 	12620412766660757083682346612808810332603842493455982262619417329771452766067027842798709928144743986714584026942107455023

23.16556149617042665913922824098796109641116480617887385270717575434803642619215903453345715597680044042387419896215310837511663847

23.14153760762666118899644672968362821848121812985385327308803036727685127010628309696654150599678775815436872911631732493611944521

23.11731201369024005305178664040537131425890442013760789418777306965300065015748795549298427348478507846339598654443753315475177875

23.09288129859705036528800122976113245916413451382706799231494706156669236249467260405171434595179947749417628926613172155264845582

23.06824195907515136634736368037534577144709551766620397439604097342908096150712092372656254340002122902530764759183569905439368434

23.04339040132986775658829874879509291813434245221849354089199167171847757776970308275964889255388613447990553741774277402941659981

23.01832293789791285893134112049584526011209447693487555136369286760868872252284318222454284966377814161892917948720095636603011828

22.99303578436365434953649644299012134422137698440486433494781833652130161255454512012808217162410575212219183349949417969785931551

22.96752505593020901379001987830644105689763602785005520917478944096913778475447283645255110159028957482740122012148967907771349114

22.94178676383759628176779037663876587692750234604330608190797359897017774641978745072314066448413363182845741132151488614297140278

22.91581681161969070666157068592169169433835536837034669030194299077174756687634593163034941945613807498829630884843115988541823181

22.88961099119118838311213704537817169350477759284826618266987064290461670639851163950125922125746454761750061643197694654379926570

22.86316497875523862505680883553406149456931000652665412882953378373052319249279599613534329267741056115453300949851986993698064568

22.83647433052178682811488891998041939102216118049000512868537221904398265329587227068639504959863356417912198162519689595368958491

22.80953447822602382383923473156643976493260912306467921903465776018387612187734165924203683284649496110381312845912391388368030724

22.78234072443563735603738568593430332347739155768878235258413377644384732511711558006588895645177835046315820654260724057101934544

22.75488823763480837144948597842858895577615217449203171805027467131737872015648125728185097097412111778486767159981520869000831831

22.72717204707208401338036780287731679698072080616815926178101366885159245658191918399017912730596227756225021690006806218626283684

22.69918703735838548574965889719997791312614067160144119174613514385080132000813681728110175007293088216092810897038776166930191113

22.67092794280046676995951981335272761833509370109965976851191286078414395786147586897938021504973751603303192029837365733469034191

22.64238934145412343283740487777393990306280826020696676177681455085352055129684478798844107124282189614955956646257956558526805072

22.61356564888035275658552990747064711772906895194321981669635897359769955498518895599902415546445756137721558957705003550281358639

22.58445111158647977156104119046711033601399728169328997346321908018744619513879572637457922913803882222970698353289810259439090478

22.55503980013298033628182395319076231749962894653045128432413664360264082343567611298164299183806329463201684910119208947266952340

22.52532560188534326295873422646649899024980315208267865676167144918004376636744466582063519501344318101133682204025775486064798437

22.49530221338880859404068663336735050214182658937655802584489188793485578767254307666870971057135620906095258397764656026603939189

22.46496313234218780567381181950132668073184669972763464655687391260113481237780996805295061278897756129666974747480719057626324376

22.43430164914520147904500991465642753447733775739100542391752067595823269218166857671139705243596479378437754211165354440361354840

22.40331083799184781232906996140322321946193562420725572613541423492734461010568995224316517000775872754999306292528755338153267274

22.37198354748022604918371771994069713461711675308138391919580131717963662179617582118597963373068903160326907934275785870965157377

22.34031239070696624245299646697246660343994842886376233452166239062478663200683787564285458250182750003505118204083130095573738149

22.30828973481194219108743765362313594738174757906944023087023209653529794040704356372061775966209798105623447249751082541905976998

22.27590768993624769891029907141591486452700534813243618908136012077365599635107824417238606746356960793980940343057622677537914643

22.24315809755347466198930731298508237203246275385108481150405596022326410412974427299414285892584104653566013442229276321287838824

22.21003251813111965593908644877183691862065628511900206535929464149159879530353900555804369292156924725590141144562073424637565593

22.17652221807543542782272641130797036106556066557812154046783559371036235474976408608463971609687740966193979181182697264919828186

22.14261815590920334434381123757787039533819491364177194965854980926226228145158256993668760617331864615370098134174467131821015935

22.10831096762769723769632333964352438729333341143612959990149233500276723208537754261772046566743757078713182813491807143413852634

22.07359095117349847205405108875928914491211811364468359023139748812467382976139773180924472269833533604893864530803714842696303067

22.03844804996576219624007180416837090413569339758504022654884599403762751164364717284179574060867230069044989619729674012569174795

22.00287183541397566149816647880190853072343706921520961465162985628423625069359202530242070862369775314213287047218246270357641096

21.96685148834013515683525211231949832488089543758582255222134508491566186187189975855165861258408163617722960264359053809328585145

21.93037577922653530054848326822688976723732283970879136657420836422129304786072658109114622662258162996556071156607430183350147669

21.89343304719894187104173748154576544205522026419319042594376276387143408231170771534719013112648988076262930348425676343575466489

21.85601117764672657212216417149892552298591114650739800053182950043561420524891258604587875220453648917476618014414072370062087244

21.81809757837248790247721226088216464418527806131849523112547376764185439784537009747301001933010330441105280095711739981647005762

21.77967915415366349790777239814446925655084554732222362801825938912405690986149967114583488052617436061335913162623862257178650275

21.74074227958753869488447916287516020088239458237659492004199363447405595500832563173936639707226935882089410475596574298100101389

21.70127277007874042835781167853269244780567093151177899471885728038853719170245963971847375653742660773278463387170273692888696307

21.66125585081462324871854957016820739609685387526626408409896683298768887893342187789808526110346701680548889128069582238944544838

21.62067612355873214436691156140856168608650605924262506782895951852078625755327805812003444686925006187438729560717262141667334109

21.57951753107556734324151459556809509037204881281133627752241709525749145021303644500267310409891942895634697533226798299441575765

21.53776331898095294267657465985773374727201823129806466023267812820300518648291502352589697674810157995225338761403600341417782126

21.49539599479116446540398370773733089166645251291490657560453781260257385203148768813429923439423178745822289910985868106260791253

21.45239728392030212623307268434200776989946658447615647726315197166773160509765775800548603480036469697680128309771496573507594503

21.40874808234886309675588321692540176551091172769435174590783872420284105212030964365858233680001198383769917771402117389538638448

21.36442840565667138991256497670639706220726132356630100781615204100807180781098656531477093884716128576593243741093013198032482630

21.31941733407981003735230877847628302904536566268679850663138118075601536962546839277679937784610896441053641243114630440244804148

21.27369295321343639518854816751041888305686279039551346638780535214952696261226729564652143742677294719839905478338028630070651125

21.22723228993973167777783796666970795171084099875163698341859612692128755772828799364953675157791111290887579994350540416922692226

21.18001124311202324582032378798040139697332956407719088854397057002301467136786960623386305297771614012480708619882564711137264713

21.13200450847148639529717218918521674098268337569534244982905309524047691762695327096834101532763811131089700584512087873500736766

21.08318549721080383057136493458553083187391315766002170250522549116161699824981271172039600018687364852828566305228701513280557721

21.03352624752858923620379229753600645054513750371914449682952611042795493484651048012024309299558618790884035109798816092828190350

20.98299732843791969935708602260444027925036532367780176678265400057219609060641576957847341803053225449552113260609423154404205916

20.93156773500038296892302005834458825606730486724299207041633922059816643781623484755651714910183901044310326287018226732122364121

20.87920477405175420511338984097619313758844272607840934757528035473551874612041975120713200834624166250719423520987138985257731458

20.82587393936455144323196932586804897751851185463205138431585037021312572810016990460115724544278010562274534303994270774841254466

20.77153877505363815874849606968759160414885915436380434413743850657935695314746301133126537884554855584257999042893914912350197572

20.71616072587059804626252301741732439456644271462602646760059109709704630493165357704930873513791029095991322542032689035616438737

20.65969897284703690810700840581171129258924152449302967722680941656972004250724858075511867928212610374373021811221737591789647534

20.60211025253175422714103295247569238450143181918514931770220933062546575727931496464529332345250517954121718962119630325775872274

20.54334865781643670289198938476100068969757458678140957128497908177841845163318382718668085852173438278574064904570492119216003011

20.48336541805259146851230900294058606981965085295443273318250480099579284030477070549375079304289476120888304068280165317666097866

20.42210865582089701428455450290710580851292608578019091874271882336083737948046117149723927015668360830474952198076647213369739336

20.35952311731331577209271901643312744138105675584541478367678390396025023405061565665016551509919404171989115277484594944710211215

20.29554987281634558049837124813629873518381877511310613030915900815488863429778312943227978050911668655239593665420963340931600100

20.23012598322616356595933709523236779364622188875396103806439534076669616671223913521956606838715607904895966380063297334973201748

20.16318412786523837187699893902430843659544487788593545213404649568878409537905442937122445650119257880579793525114040357001552106

20.09465218808310557859499603834755066696118599173395544111657272266573473986915207973818599745809705110775873701399528687639430806

20.02445278018387313076893281626796330911653510531707385830721354318587764066724624556060085397459085772109472563384386898670569309

19.95250273009523190760375777734193237948339286511487211681074763166287365792765386533395146522663267090893879434551183171265806603

19.87871248083506623925467661231544794354497887578600765211301592375976206126316178131072788112213136712404182936544656587435762493

19.80298542218761006964151164961362252263411895009876242347096936740940670026757886616763319899521320187385047912076394575692397422

19.72521713000217339165376086299218731181076996266740909684901782155591372076562619787943976990189354966836368416914428940282368389

19.64529450008525230104570962018733944286142989967289936987554353178024849468114599924242002491772334589271946232424754168633775926

19.56309475865757397305337458898175950228182645938393343368248405755829317477960809112744103192493624975315876475915695141113324683

19.47848432764416040525885261197643694098174370019269587998441907859015626722718824871959603529784320359488062371749480272186183556

19.39131751846616221364504978611290120297981806983368462404924505665564053953184203326066418533256139724531113702647192802780415990

19.30143502225658317118187870180091145273330225779100565702391023923067880065339046731446398233879760466242516848121669739379167164

19.20866215719570957948614579201932949132726001743123806832088588371597136968901405525270003477314414200930296876626347413178757361

19.11280682451313270955761798054855829005885320263629710278547639982582087818085682550153413918940009901969856543591632724608890628

19.01365711303634120370440742425190204275782586920538328676457409070750208535029011832745582841337871243202521263036584700358556430

18.91097847717341051259777667430347328608184900259518815508984369260805246148879739058023566944772803793258459864880145114649564155

18.80451039379331458033550852772381689127045775950172767345606590226000694605778741461105203016975680451606124878645882348278299868

18.69396237808133467465045740827159293511933025629304942797552185049716904353426310614135207369419420221620405016230000823823178655

18.57900920495756343756290043690043571751219726906700754107062495782198738851816512472704183205517822481620812455842454736936151627

18.45928513802190992958448657567762702732644069379069703199840683141779484927034122516317915255485865727615649964755384640081187614

18.33437690788235268371922597822499449916176427894751790647576891332116060495401849658377103738964032945646194981332294886837759836

18.20381509981592096854331444288114548303459152619828301579406238937195462986402138848646612078327616888522946541797008651482190695

18.06706349768316561220206422201026584105532060176733901698166947771242854736565714769436243012553007256321496056634597495126356356

17.92350577289548161223600429794514857590295624886080185906058786014986683817160131241903557725869784895602204993462601693800680245

17.77242868271168913398022570189374603165403534768293594070722894845175249993601569377954724219359925600125799002167231980392579277

17.61300061809325665701918590486927897436195861699947948076322143141088946612400606513656715902123001680182742566564434361334997867

17.44424386520935694695997673521502875109441784544371589476028908996379778767155504290846757292737099134354708210395346196938346570

17.26499823109507163084121197962360579073120903061460578964909781686991008496877387370384849192435312694992706991831851435855417473

17.07387259076591804174172358531216337285334257944215359364061564705717687071287039372720350975935139355651620057874499373048377533

16.86917919673482477540842928317583523616057494146922940430247629983084650643309417073782683875642736758395966490638956652827781867

16.64884282172990407585472165710830345688086343841476781524873485069380927557459625057827844674398467471151927430190586505455275538

16.41027219233749655205434799544015245567188251394435601830509508742768801415511333169019072521715115223874018628053078612218938167

16.15017320913993380172433823333851964044274920132398559773381635943852767047848446866508805826035725938166102915272765423391569940

15.86426912515311712179350366093558727921732270998222482294696147602507739292535625693196141985644157864252596047540187076529607160

15.54686580555023577057182282803864854772274915539708787485250793274169010429172032247363950424661843819225819005069160228982596824

15.19014608036045904398951449323870781642507422619079211804373699354010356984717120163404194510410551705310772411396757951049931642

14.78296111566549747623422715982483871136902165235566602026862786747145055114198331287944614385152400535890100624534266129005626176

14.30861511657447251160943294737833953583020068737805216440993669693449004280182761631925186121804561015190698767082469735093370392

13.74042943292687606083510920130518627282341471905616345069269937918470472824070340395906867801136880106100977156829357131485481510

13.03171630514232778178646347382997630294611846129670957925453390837860159453462524797528586659367499519912011301162389396971743572

12.08868383225817783756626642938557696150905960984261958034016104560625098315352378025783582052808102920726979244805266153311731739

10.67149243496126110363939313038643861771181915077771329208208396006242187192352256214594127282806909535917180422165143921683604717

7.64290665849257112433472710131888739607119716283496274886714521230968344595263137410612526434210202697355985120624712130314815177
