
Number read was : 	30700110397945202653327772536437343677251075738233618787730774716396240327561169745579464629837172199559941875166154408676145509572450607580307957878717

24.12464064884623157076313935725959453835980048989901683258644394004623154663656371837574890922963444961051799256419038506589053214

24.10542446106419340800472853449594541873149046042107899050229537151326341309382134869753201296348738008541847793535810316874080982

24.08607943831665467153745862200314875336406611359841859621694944935278496431173538606692947901847704868416236255726206028793706325

24.06660384138720942211287039680131417631838466942187930734242545476241070829489019839358176430923870412207932702271344625482011311

24.04699589560196447460630107221596150829382245576494248786384770336900941029921733713992420133941593499611025661906645822211722249

24.02725378985910917507013918794489544357127482385754773640688894664604866302240888190994688460877774176747029884787252317271093158

24.00737567562505687355244571817227090854934671598560504385991090656964338396703992821442362943916648536076167106044979734495839562

23.98735966589576669928102994904888617625792581915655024562918245683512328754748926182596933261086002755725758380179306578413039261

23.96720383412178620586707332097491621240644189259287207178796574318482360804428269610098489016942061368259727506111206993491825914

23.94690621309548358607516262282559208669188764512651820544070444013787768178971084042548487331910304645908048551185263587502830211

23.92646479379886221428050738842127602671408417559105841826033335434016921200403603943119573427868584908320122878743750342186475800

23.90587752421026999841010812332581366862605226215687623661736247257953029847152343396187719201833144599689451636883630769920328967

23.88514230806823113156497758116227116267759043917705375794622230871189219876166027436909486694088454344426446431747143058662593172

23.86425700359053802597194453125153722248439352193577648740042130896766423414029811916336885712451377492500583247550842073786989939

23.84321942214664616581949722988611834811793036214720879417223865028550373200842293016782609506793696494002450920712136648430764883

23.82202732688131398460132393071137602448768814993167132825703768453836211652943430954356141664852891539038350314350914210467732359

23.80067843128732328490923831953132721907307738133055327542552811218667083435960517756188071191347107502089445295557684093077147991

23.77917039772500277454528624727280602399526003249932297825589112163601832732322057810695099883417643855379353898979070331695779430

23.75750083588615756270749200945573537087405842202838073239497525176391746645521286743887950227997123403634087489105017848041745258

23.73566730119988048167816585673305506777788375851853922145079342854643217172006262828953433801978063005019585582006533352321550108

23.71366729317758637550091367994604664308937290549972405308360692564512172440382113508771778101929037606548563612256382946763492231

23.69149825369446749194661153284869499412022139924921360248196928971545189338953632625471871763559713288856046953565396911511723248

23.66915756520441625135675743594436261637375974732344761326933640309195402831615583121478080495569093682990604990313330256014289917

23.64664254888530031557477850289534452867597635659843263711730205884290453004481827323523320901446683395166890538486554901299044833

23.62395046271130340741669494720711832950718457663532033057732446650874885799021223796640742256168357704626954786167764689219878828

23.60107849944886291004938604931002199744161696304326404485530748963705174763454852350086585441250744027391687654754474520471248224

23.57802378457254132006473985338626035062947503994623009829105154472179484179943111494238163531030696874044131071927473749154573608

23.55478337409696201776887027224648415842328679545829356990947458810057330624029809410002302506172080089321768385853503351825287186

23.53135425232071993175445760479205942863152371256940165753737717964599116686103873044097348520871721003066427177175909781145086293

23.50773332947794327235722148497238849965956328055446540019085100520041145057772291673682995542361253339022426391981539817839407141

23.48391743929293272277152964568024114099533376204850563568696498395385147628342423299891623303266926255288777459972919854533602073

23.45990333643303797106195734281265730848985846247022055727498292036597312602818904460414729237410901495160998820913413859939901734

23.43568769385464713740101113875578135889564812236013703686232135866603947971399575218760481656821462911323619505298735305898933167

23.41126710003686102783780884008048424776941026843401539601268810453433701883987710532853285573463922595823806517608129926769425198

23.38663805609709980036015659441350466687739259766009126500743862862216611828962504479602477989088825650804278646714529648948813968

23.36179697278254296159359276415869540285014498261006423730220882105928397464753573464200006463172283369525660836669239712596900322

23.33674016733093281196960628496342890137106538801459841839633413582114033295891072641363462640767735060629988293495545162860555845

23.31146386019387473676061967996188199767645570247492927652426880599740426728972189515345511077177780916126379316303957589155115302

23.28596417161534290064915241474815079039429796858824261962386951753235819060996495907755715535319514931074512976975246679749059515

23.26023711805764481412333300771348792868201013176597608326345001387085191388254792973725617753824990279976951852334306896708696478

23.23427860846661035676398812338359623852665560047937434722960526979159700034904806568731630933297421546361182452481992683482797358

23.20808444036724755124571906802916218003380320207607803536676267305967301381044306295622093474892115610586883387928133491332192022

23.18165029578054571671832720637603482307802374470676094330286283596259222875488592605450857432199134821606875270437987791564628909

23.15497173695150341815062584599533978899890880720024846104036839278772465740309542583098338702772540437463849903545286379181123973

23.12804420187781040488940533560506513283916814354609180104199256908557451269421068609263117728632081080021430386645871273573875465

23.10086299962791560925697298780031564584965442361398085859214138989442182188170560074481103701808077437525080793213507826195503573

23.07342330543646314952654980789501589818230522174575883951501433027184589153745855668730130579632554360982488985741071495524427919

23.04572015556427052108021038051215960127328246579101365136364364564319383927014038292380791681667419824639153923888304796835789137

23.01774844190915274871791747458318259872097665955357748296002285564740125609593695130186390871746382994883554295833938933978406343

22.98950290635295770277491488879460585994810874224869983601786478415676116257214793280563266488969610210635948063320331462768025620

22.96097813482916495307780428311478885815847072196130812457451503755637319092332586759727603552142566956800482074022163640130504608

22.93216855109430683026611787904697434426866119277398670823974497157281142791491650477746651782482683779574718406636483660226086999

22.90306841018528839881089684787707231323699086989177089468604973783780530640383325930801034017763770852901609193612558006122423585

22.87367179154340470496820752547523801958083426182693419291472826544846193616956106667814591190248496876606739312244452026826315384

22.84397259178447012118882488000642329368255546646134123982026567723898018334325928134590261681883887023423288528523106554403781138

22.81396451709297586673669815979860553087831275431607375612969348466097263730961891980583331970147176427402474253909145278886135048

22.78364107521656708936419748089229868499158819473346365850899663229120809863379511675563673847012720237258678346279850000872544319

22.75299556703536811879191078776695418170816637829989615892744667498177215392983111707693715354965411523658974096937620001647979177

22.72202107767877031025034733051305758370735940961358521968602716079876984489761897340701657515706938795952653402284290040076763785

22.69071046716021654031173995862390771945213504416962503786031106066200458936939554756682554539178949196233723368172158030505877224

22.65905636049825348117503126401451693118340315120670485407217980757214894302313478954229518790208322741592875149040688019271305943

22.62705113728965895666820950185123600371413500349527591525600413651330893459110085201975686364193615213476525753598348529689420708

22.59468692069776684708413566532261332252761068558288001022813828802248279540516963354368951381097165494236332313438987090484399679

22.56195556581618339905551269584481291360176233527397002198235025899321130628700336287199094341240145624454181238330894179045915822

22.52884864736489141432840724255914704198529923866700359646123074752917597579753259272276139695748503724934343441448662114048444970

22.49535744667224448708913196535052522952995528485316427368143685274041758420323985532180221501711564256826253557160850202470725877

22.46147293789253071835992542563279763105678891917713644944506865716691310829476079422106498381584520228867664144426688514259304609

22.42718577340459936519519528049288298682845077348604893150501603409118618584061993768906496957557099892133103023041803261320531544

22.39248626833245490834309067757278419211417097609766351862190831598094683076415865160974605953471643317898337399525848011048075383

22.35736438412368735042587662527554469707504262507024175327466304797980584420552977336562628994960960505065163686772690430676204359

22.32180971111607525537120139248479214925084049224243892713565576351632514022101194812342697463207817076321148685648397869031694780

22.28581145001661361735455561150697492500860919288745297984371330114936303514404711302337661136901387015781124527957073927776447413

22.24935839221051916782948252326156496350781665761401059698806518867990945627555673340794514137476302919225710597358739460422907486

22.21243889881038035218759718068958290858379886098056762354864292848188253236263685600512770531268175427716807992865278850874896460

22.17504087834746806279031202076287019715704463167307957996935481983625517207676077148210747256112142437706668663250030273554871952

22.13715176299821557804984156967032813007440933357144755049197468925397084177318837218113353957495766971445717648181474302860799469

22.09875848322890956074500312726069536114491367504671283221499174125278531383241121521796764925815678564626184365170098547365823007

22.05984744073059211227685223757751069830493887001686242399422833748103067100025740185839599338195816439776067959105866126352621580

22.02040447950392413841454741184404205067595733562066187085533601015891450247910653775185937539150012338921059756387329440263402560

21.98041485494015234701499061875610621531803751009960683079945007030927074229846563993270668135466433262087087298471795935754052180

21.93986320072918402043109577061157272635568406147196144200343966007531841874295375384867053015393618950764497286125548200942235603

21.89873349340890889019533185007410621296279250751129225464168367757456681066834518543991666981144042104783628215505916060069750602

21.85700901435109150133884531971145155419955680668363115723149318932320842195732161226602428632291700688374320617630873739304603208

21.81467230895813240039295973403871037153895010743531066780356197567902251616021292808761423849181641329307215522097572647135843491

21.77170514282146637391205413548653104122820201841182316808153542855638729853664264543320531583514599480917448392028629660556281835

21.72808845456598986014852500300267908337914181968825951249652050726947331002722561511656051056926791235327932510635687022632434846

21.68380230507529438445447083171454613515388584487173881022318210758320280342420570854389715304773291250097415127540898668057592002

21.63882582275917394796258510849688452425142007295587312078738170393703355497435603400830942652724411090887529337579284585259011819

21.59313714448734506355587555326123226277813484500777322946425870590998595351334962731798708549132674874477028749539306207120874762

21.54671335177095769165055582501315751236142092035649320040587417355010483073403419194577221950053917808900816153365191082757533829

21.49953040172557218485111330457285755760331052240868129459453330773083550325057900087985059779229813207918220132167936303083097023

21.45156305229500214275146161971559767211583463261132453550585550258694793941676050785586318491981015232003081613020500635142039069

21.40278478115380625036821704809700338547439211818806148179996631129811823270857684718077016563707335910237723776225295232926812384

21.35316769763611701652316346505073595989692727779902513217177942108155495595153246159621494042957783877007155884429649932007530161

21.30268244695858560074125177703711962935328326320745736558569779217224888672555041419781872294471809736693480447671016116209871453

21.25129810591392624962414790393390277832814131862851911404649026676110856048843305934040041730155362110154987580011869303457135962

21.19898206910700274358724871915346310625483693222782967497126200309068616874197169800676441747243217668918396873641289289473413291

21.14569992468541064692521847542335611521458115595982535786802412529728856390475173227674007710076322674016412430941204603996857759

21.09141531837845685851106167677897143013567706062101805584346617674921734219115226575866837662015139074084989132511637329345549485

21.03608980449920378970476428127207611712665304057753602465421869939413814038087298378877748888951156186999006748627994415248489006

20.97968268238010158622408298061934886525191171102081142222373150116506987295506274700637524574833301140044880313716145642512079095

20.92215081649920671469703494593389722040210886585840512917370501595908154524799950439039785226599536721367640564531756004243703809

20.86344843830569754619776016280674355116642565984938120813389508878111389796424745075178576980465418158400465560054498303030029987

20.80352692746384775824388628444353522660655811027969205303423772406060917604455375047349746228740145996379459576853937428859274456

20.74233456989592822534109340449684662744162281223950375574560998426376167325838337616499014001487125010752857144214281356997942614

20.67981628960709147994997046703705992479625994675758560924694766951294894704858085505764234950476275047304797606268683405177394660

20.61591335080743996316416372930227429477658634444554967482628091940389634039936520692393050921834859809375684746064343874780671463

20.55056302629382697729297762122318164470976335860276840145892031652662288065380358280329848243565630827820229400189604668715606630

20.48369822739879439003775035214481960374892339425050034125372987460571911679398614200139170033534532718172081046451484380384984790

20.41524709003452130087128723749058163113224790724980152013957107625162112581105014393116422309335853429543010919209384576840272854

20.34513251042852820939035179351790442119262100558086123449825605641327091897750994495930784892249697784716033248003993477164606886

20.27327162303115556502854077120138347269426792890607463585283112240771224090862588967463253439723411190336354400477097848451871526

20.19957521172983009508142666077614923683059185628150443641633964999500213845862726514314134559513478581273635126318385715991002952

20.12394704387796896591926360158469993893741656625519743764114362369799512467592875739167139255129347056691678753288488947856847172

20.04628311466866263509185402593876649389371546533624314364508007895131365227648583241551090343448843974295301953447232736271339639

19.96647078696770500065215488088768951197060388264551591274400474636272411621073715052536546664252965220916764264541505251185670462

19.88438780875493185946242382123853403569189715178959202183760678500627840794944191168959521184149691334594187330514811853009687434

19.79990118666214452312484164832795876493290514348711361365420524541262806537288120679307216370272946420990359266072703114415585616

19.71286588955131314627292563990550923542958189711968448058281469924174730404714573201912271746762716709420447518972833838616900677

19.62312335040067634031011869912789010403146255581757030345547469305216932034588574133415703946937580568926055224087476692902647630

19.53049972763163933303220622200019639551366962541019353873413299339989351297713682506987468013558165064010891767958664576563426545

19.43480387798028603476297257936654704418088974583325148368645530761607426600871951544635922714464360198565696612356742175098057605

19.33582498150851616900637231992830774961207482404824740292718221766071067806892326107510866335313385832139736121161650186134753054

19.23332974456781822942516209184088853743771833164472158781590149604124044016158151942355661652339387229876171617524505041453468256

19.12705908738746293860288404732892732837358384251013304329988869358086999842868753916625990882170304801290365362491781516942883654

19.01672419795666239159540198443379691099330103036407659431119463282795009448596960475555937381916328046726305655254254603344178892

18.90200180090736614345161934999083435058771791775129560944416024961336829260373040212929492152785381054163619249419276933750475880

18.78252844621072324833147805218041246119474162566827750951170603404891156784356873595891196091118926172227308140906317303809727875

18.65789356342092647463267919319970238998895280886642864566965561450161196520311227105834782992650221615275428472448406340820722850

18.52763094675642519512820228358785606776351679771571898467740719790408628407881867214012001952219074439007654960363519043408989986

18.39120822539538888593847729591897520599701836070364641424889710282313881029177569825592439276293950714660216028300400115337199173

18.24801371834809046070969762056888620323237312471214862167651677236888720098334747584512612771859495768619108136299623241475785907

18.09733985338919563207251589564446205974202195456914526886660642019488085921751707486033180777930569325521399213665684928617205683

17.93836201255766845004897069959076981303747711490226318310955912945544688935276714937876628537703206494927274549221541210205508466

17.77011120159155751529310181702696827253599066617990174174799084869660870285964594975869660808744463782977471845469110567394436978

17.59143824458028320962059175155956586056277293752972098769663540523224691399304258784020725324578533609090673938990716287526912187

17.40096614049921391395834848028369132991573404051287999348608311387442461933698799276971064859067811885551172683821583743530378869

17.19702554997099972837186584906879587934344771383006055701083828544714486228552355012174359888241693101918884148035456468299028807

16.97756569384494595709307362839574339229784746471630108892861346164803098277626400171621171981388219373686477399817258208598128264

16.74002848232733690279669478586300162738942951155119244987054515179768634683089200076692680999838454847932831156718513682494274250

16.48116601350946428185222928761559793056295750655398755684911416851176385236793036244388353131265079340599408484568772671428645379

16.19676781346253460636392840691886277704012915188407882311710014809895998308604970128306065689758564180408857650009134928844040379

15.88123830599650412262167862403937803000686227791864568417667351287471082355947295307131035378517010744540435985341281836279497273

15.52691349775776178207335067364688032471491965744054152128848518992518414762641095732318513764671582047943278900466381449822344892

15.12289613310103707535928141509670629802705616941611712249773275717510185795691010912600365035997782218438954293012448673237398997

14.65293415135646927784824791763387072732959397209123097596519084373791505311060951776896531175914545129438933883994083997136885880

14.09121028368421157225560966928567639166739954034283825014491246651150191571617525912200137659874886705883117021389186307744684936

13.39295299525122984588837138112557785020384670843505291303600361411438074978137856315725011488038793137142715500777883609886049273

12.46963572096425810841248386530029935996643764912860795236760101374961044069013533975656302410700365269662980975618943864249836757

11.10262618370734721881682788043521674026033787212215405098685794078709259404194131361973586192199268268933447906307804963813447726

8.39995547991032094300137928489459250187367653963705432422245619689369443741004602198174944456523221068477465718793725084071109810
