
Number read was : 	1919123183011871183213149425269206517180558358263513917387326643962924399837429326392600178960780381337854529027319444177070944512721072757583362735143990565638406419619496634009936904273632635259082011

25.36034581111174002212670913589326100247398836253639322118931796374738646766736186295477900267266738109981203016715767395210730053

25.34592236560321412483445844236291357221429556061718060130211302929559831679356860667644143895464290327983127920229197657855906044

25.33142645785001621792915375578771428787478507862965255905974753111077724898470466672928341688508944832670643995437061226607051437

25.31685735608346982115126831170395391156713658368518156091156725160896886346967222151279651774154197207022075125319037692617379852

25.30221431739381364028007949834242269229586310211374474925538807466186620739876727166726280561752533030380010337238309085164653966

25.28749658750288480027855690139998239080489156488900185097769211672611900334355060497803452092784680112732313187204459031677676676

25.27270340053097476482065770307306512976429166428223901707629008945465956340443119125575071337598221171914529378343111295138602796

25.25783397875767775625083151506077538905116724765694037187891655177333226333301090497733546195200231261432306719238866788207048853

25.24288753237654495622041934133557133039057710971106794727553823660317546449911188033767569109980665991614492577280360934201130289

25.22786325924335096125751689760441806639654798272923130040802897768057291734497373986354802050595078592037825673735491242337549260

25.21276034461777187653311199105384617756341613993937590252148845357055101281622759719667209795984282586447856941926880920860030487

25.19757796089826704158951492650108726088549889241620402001614372434111333615904829148806170162025596956515654092139788120432447682

25.18231526734994867958589836407482770094309045304849492651865863394803525495979730451428769733673787683883652673841751229151340006

25.16697140982521573172300185507871242722147371989447971476888787283447995807638229194247016877337514605101757297643565765919740036

25.15154552047691976516737672668048885436167052964324546373913050707996275230499811902275458194124776700786270880601872652539436764

25.13603671746382210939006194108992078612401737674142274316775878252425652891424413728810073801886718811910791595514709108959230377

25.12044410464809226485249344422505309780368848869647544597381055968575140728027575899586143919987753660499323251241416246753647142

25.10476677128458812094938213007426283918813167951743260026150658286291459047607289684325931346692838489439240373514401842462073809

25.08900379170164859758110733850268890230839438291321327043253738788142524210296022801898533829436529933573420346109745370541607332

25.07315422497311896613400043816294021047858564669733396120833898951438365092991252230833984116971882402704461945223986025934769206

25.05721711458131828931815444421142576360932665309417389386600278320092154422458043322185853562220159885814260735990496277958934892

25.04119148807064712236746079078531016863840954051934258868978352856931339469082403669349716192882014086613279163393558764485957266

25.02507635669152181697452655860965299208002779317169816305043246620705117446473444115870363690552618960136066340020501384621348487

25.00887071503430943272836428959940159802401336568354534549753747747511797757855655702567458779038063844696206602725717596532036742

24.99257354065292438797759760992112824480244419220766835145242512606525567885971198196671513578286840811664707586161684295921251652

24.97618379367773447122131557569020718137752183297380970591915251843892964327347207136505916205706595055702882191744251901173848863

24.95970041641740979632541707278947232449753699961576483320982640196061579514371943009635981880081851936075060992266884212512419475

24.94312233294933349025520316363133251238632938349782303328785031344114981121815393954811339877457024922973203744226029646159400428

24.92644844869817752713886801574409949113880817298950591676574837609557576438505611629506354322840280757149695533206811764114995172

24.90967765000223095119763859247446720252286815570641216908994883562292719822211251196252730977059190463041234352072884111242777254

24.89280880366705087099050871483625912370584801519800957247095487963743218992222106483864130431005602943586814831767201488805509994

24.87584075650598889203779936280577840886847958943471865813633425876715427051033393413991986547611165278049357411236362688363832064

24.85877233486712715096568430479000917239016559114157350874960239626101991893948242202833042260974930950505119990690777358410455167

24.84160234414613870012211116175592550719812252985533386230693050186584025085797328538668337223526723662841296352538289144755370170

24.82432956828456665593512304436093252667669516625932092751133431271445705825085207592403151576332775331566995011984793880855622801

24.80695276925299522161068019434636976295811514180693102238706332571843123811563257870551630032003273305086511906105532659304055713

24.78947068651856332598320696984808900737887804167375277639150963424810191852917974462964125864834417973110475762647136853678921012

24.77188203649624820762168693271303697394332482980477875342925764561353046377806037460925476020535109510949037922306018038306980199

24.75418551198332166351638567139403942866344605375909487509209192977113057323048607739524762577853728112386365672629597880327184701

24.73637978157635589574868567087302500742469545364464152882671429051300203133433557255706505523696750226717663891422585681306799111

24.71846348907012879632223225479571813561955383267463413402569146952806052436426721193549645752035975612430452724081177521594863695

24.70043525283775008130932776985647790419106883206551568219646049279971659928406854380565600687384222840989965039687633796582870757

24.68229366519129981331756497694977061405587091760416913920524570855840920601542347410986250716145851437289406964209615873520269928

24.66403729172223946785609266543464195556388153418262549660082458986897213542800753706110588593146232281202202495459210067736640105

24.64566467062082273524440736359730391892702375508208006588154690752754109893797979536715442577399507719425412162736008541609421988

24.62717431197369856553371105072809283467529251960946060227354300798595638495799987408841397939411331291229725661693518649406423592

24.60856469703886251429080711912913445829026070420145600770513203518383867682645811662074687989248084257380745603546666068822057921

24.58983427749707409535759500730019170670646066212086203481445707829632663554786054621788452864721835836113893822925993294793018113

24.57098147467881748949047680716999114246566790351176462908097156749303900269375829489821117719282669651677180331102936814259540137

24.55200467876584048369623969967108492137273088842302433742637995262414510526830937043546939550617308820692371164985452692579394981

24.53290224796626177622810205914721877621630050766913511266245582248102379650612671369381263737828387440984787034954223192448534245

24.51367250766218967801619640895512604274163062136034726425623983349812216430702062131253523656096685118986715940486874186897229708

24.49431374952874560119467874614462899745162019920940813919102016601383176771426011234757786832462261761812299295545271842469390089

24.47482423062333338086448016056470915126807347702368269484448893017071303269172084073077053522861329548850088161141130433698258795

24.45520217244394033041291786112422174379153032775142913639096743230559704124241036805423183795218569613223340604635256622289615154

24.43544575995519771103212811550808675141086894139526810819222739044884791386672668442856726534423401419349838232117804673789675456

24.41555314058086690623263114085607236706767120566978136549427083563161487301656081325642628396316640683050321643641219782531301984

24.39552242316135277823115257880162056780113440107382917024908923529728179126216939927671300806420578574308903597341369057872548047

24.37535167687477723131602460473090600640147037446771426349214529458615422797383406115289595655183522105191426809300262971517847933

24.35503893012007371581652607876673253120250939024080274178613128003176124682955207643329548078806796087381862210951304624540693903

24.33458216936048702430908929608954496701097724856117956184501823768669508153463830779796929347563870641912573828926641181666548871

24.31397933792578194603961599543107707149726637058228903221835197354693657031607597423528163259988055458045000660961396446361273953

24.29322833477137897050906900200548627178142404183435103372814374126906173047445607641131262846378884294151346355922948675693814802

24.27232701319254484302475112629318524956431158680860676118726765656932457883628576492480423309176417425497153775376179272205391246

24.25127317949167015874417958145487033872576485294733957007198450572771704326751240634446532713631547862869705248550521213540946821

24.23006459159656494678519203648518368050218799180577432107439442902826639994280170578645683880830900323922964533811276938253812458

24.20869895762759588629521469913067638804255861863908365463508029602758584534162944786572545284083178254858408989798018234012883224

24.18717393441137521529121388020480174272650653456985307051098833642852424608735321741705256404853219256102291546014914639251159072

24.16548712593859083164097672295767321360072238352244611645353314905077627643471344217912805778900692100840207023617215239991609563

24.14363608176343935433395390377885198973495626445556510526582797566833489519511025452243131870616535386428057825808202535382280404

24.12161829534198827994580141814608037762021705749744829128270879400892269391524088168623369662563059239315086839197645343094890249

24.09943120230664945917096777504479737233100019440878765142518631932172384235432172766096355128028942669595837095225955453039881029

24.07707217867379326188452641034903489357440836240905002769332772725583955230347537378718270816120507303729501903426096930912301093

24.05453853898137036622951392841878991596497032189405542093569825658092644855377820804186436014123832756676462560940390261061409447

24.03182753435323551050368675257118003645747727803833126151442294688970788302986598781805403048191861873509835897323791742032048152

24.00893635048668393224319755062037709587363141693605054734440213450934285339928500059163347117552282380691312233391585934264408626

23.98586210555951586380650747174973748599735914644952287288248609049030273974982906752437352664815838587746988495947714560453961647

23.96260184805273656850786823562907870690152524581640432193947705626755674848625558178669493548524996946618530854003880164350779724

23.93915255448477788092551827197284025545465784632615361551521055889702792628139498789864915273876507984248168918181445148117313065

23.91551112705289127726427363607877578821149375681662894297224169471312204094867450311819432883899417286525086691073126810617758704

23.89167439117711094024556399025737613072932492096559017965699392073144377932201246561647883563889097404260072343134350010858018116

23.86763909294191689850817042621781112415955272656892769814159612256463779758360315473877420552149443421060493129824170867318074469

23.84340189643044199358905073492934057728310853418242912928936726754114578342205069217754023822665217235434519912608135896904162106

23.81895938094576062333329925619596966878332357206221526855411318354684211762064720465340548506096851596899366895516336691733460773

23.79430803811347053413887570015427215151119655940704650192279542998528084795637217417194567375054450913075411074150656376163773599

23.76944426885942972343659613511079202088615878046490112071462122025281921551298202849405309681092179322879499978542222446489442289

23.74436438025613702498591474260557681179599518878653071550665227358376102275695308685044457812288206871408703659094969034344826192

23.71906458223084528030111993660316512231520669953949481306543474267635736501054906254067668651445742463256360290317016385649838261

23.69354098412806796504647311803316599791000900033361581359149501647694637109279213569960812862965286190420095730717846839468289952

23.66778959111868165319151596618233713984839743970351745704123957587385827440310124067495010476759028752034613361166058157300572372

23.64180630044733511167120396629649984052582067922293669239427684671465274361438707656369739689287123280516858798793998233546416338

23.61558689750934847291784728014265640876673209761750076345219395595296159521302953195340085250015677543939973765121249074798273369

23.58912705174771996226481063711168999262502333573089763970877209931602308316931199479082108334053115797033828887891834647720147400

23.56242231236024971828225528605484519698934104967005388659756679379530379063674170246323522974208142325038680391791033585783054167

23.53546810380613689871857463012433187157200541742992289364653782286798956092722589207181178536140705422580956633258225290201480462

23.50825972110070360330206684032114148568101607820830302847307710256102340858127877155881313300507294559707315007829980168584822881

23.48079232488614299524855939832318972522830545289765565912210372477793141440219734881874012890923986159945217298202650947556807906

23.45306093626537467456962459329776944130487194970977255414202368954364560167891186509836515991783228036198855589793993227135426146

23.42506043138521282613144282480634756842096477723862122103990535272859478824382972687036185104828635866209504165093957729081809476

23.39678553575410632116684977496785649497577205491273027911603288743223634683908749396294072118128393395376169183773702364496610203

23.36823081827868867529181424302853988123660497374628650113396894143988786011474388503760866376774086019288217871456829779269375356

23.33939068500227281244486554756801188107686630724309996435794458048158292352588127053061996253527090763543134608040387797136732789

23.31025937252723355368758097174452059750243790420775967490747454760569661642476431103489421693224301329307837230947537234215321241

23.28083094110193141392265724951942776836300979991017003292329276257423708696603274585718308107971713486204860939022449285079605813

23.25109926735143568194879184287581411277798998995618765971394981493756617715816012050577695804583883640380343138455037204783708007

23.22105803662979287266641701520386834363846416907846763685244975569106980194669718402311354639427542665377968030139289818034352185

23.19070073496994749199541145636534324233269451756060323483095196255104261735220350052176912878744026198080598915381009519901978813

23.16002064060564345697327387099082288507218723588141967811628216032100606620859786708479219454809719366632178828824820569553672705

23.12901081503770296572845022055595759476864178665035083822079549339289638311187641495987637363728665927252318295667428649127623156

23.09766409361498016491655708594357922935395717264624041346212767056998971061506863735560683988317267893503923478671895895064999320

23.06597307559800301352861804470236690151217767480870117946258253778479839173637401861259332400022791780163388782837542168480490577

23.03393011367082985787046790855877400700994219422319304689935867589691001291599492126521512909281127886983927835922367721513285793

23.00152730286393690573681828130000636642501603055138823740638667742099521102516242796522539405818035646413903815930072756291377928

22.96875646884799609659084049395587966129715575061965702534464192681219529282763595722350637674579566315990008805688887329567098992

22.93560915555517448172223014694096222538744314546647432180924944848793396214955999417060804014053326847101705851644810516655149202

22.90207661208105755342207322831130224355406834051270205532384806055986189492959235311045366825511407709697925308280952336012277892

22.86814977881643842312202419849211477798083173873147319694301459003539885777228160108505322083045736005962060297525799240087936350

22.83381927275398648259758963908136304109513153077056518839314653289088726960047035408878472259350339182055849794564190008275247055

22.79907537191017379598494396503285285695764463983133829556406078211738885867490758995914158181182308091850354653612064639725860998

22.76390799879774972779290243827964905313799438166295610455899905891492701145616443480594459892707681084464357980504674816511925039

22.72830670287846454926781717795090063392349000297082600564012319070603143316015017616803775014903403379053995025763871820332219243

22.69226064191959400467369898931531504171978809025195182628586707599894205860294037808629215612942709024916794103905996105139029429

22.65575856217104581654892063906095840851737358824570600127268849135664723834702773794146850761960159459381878550548971739267103194

22.61878877727236383281632465209544386825861271524862793632925552038105424102383265650283246614686980010455487241326746953899771357

22.58133914579070491788055871810698980617385032159728685318816191894871686101319031780772203874077395543135199466654316909108823448

22.54339704728175607283468087058893127881908279048016932186073466388413339357304696901778382432234954529471444373817748299036247010

22.50494935675548049924377077000694030664505739875472456299583686492442604101484012733930837469729487736849363573513652422817544563

22.46598241741741339446409082658433962904291194022672550621077253552675883963969350594397430363516684155446305221496628946219329465

22.42648201154383697764576160247337224064115549054522845423806932128832326640040402988814117803449183264530256708145371427405658470

22.38643332933539670192136451607045358519938317527783937288039649255851830003578733320686422428837436579911709950879996305793813727

22.34582093557840233784424085517399422206643266628263215315831139098484878670090289934563106400958378045507468300647947764946148446

22.30462873392598954705622713802587706790488029055059852032417955932649733065454482158432600712154318131555986226107535935013513503

22.26283992859227121796689803550029342167980171422747604161505675000658916226921661348506105713038811951867134562079395614443071384

22.22043698323132185829443823781532964857437805971693901836456706506110078102828039624582478585384539261962078278136629388386636858

22.17740157674901158198605273906870250945192493739794112050616619552949394467802155680090670129696251229420463312378532255669182122

22.13371455576899277466853494676036003318160602321168141395059812825828025520005092974809130493515116433404216633384726630540170583

22.08935588344414249233631088798425000878619414371260634581275603256222398475724664233942934555316814152896958026784726782309762411

22.04430458427101518848730398772277487469413168282839638850936245241902367015484887387562363233130875799449751657418011492432323015

21.99853868452682822735899760316343775212014143133543940188867682480655397409683994049762642856435758192656153373336273711691165348

21.95203514790556515689457948663158084932111355998527825780433352189122779732117068831084297981059049466291963037693192101047193946

21.90476980588121536214513434998477760116524711432692965672809366176524883818896948917651441935279633879914690638145795931621283309

21.85671728227112973067336964472210117644757527283661222720012586048127282928512523886291009677715612194709488366525745308964953382

21.80785091140997302374664100688554511214137384273040731553696882209599607468266472358361359598644914367554708072593226954000054643

21.75814264927363792892241473424714472640527101556852902428872332484624400527055935439190890740007203170306504940014228914417755447

21.70756297681139297075926919086339466198209300110905108200542939629969614818808084222607165107749425263574052598882288281532175208

21.65608079465186392458679920621737550902421225703584525616786935170731337511091647209444503666021336640407099046752022882082974918

21.60366330824230187990038616601144100549224586527205768661287933824685811889260443285109419369402625224841184267789417996168944570

21.55027590235872567942804122460586503404146160489739419795427152407075927356075722617901960823979407017819409138337758508264447492

21.49588200378427405498180517081298366725381839759308749408415742069190606779504906909226785668981451684981820572973357718658667124

21.44044293079128209981784096395344998536835969729607663670029163608167325140393345471249089881707090638969180034672787732646018790

21.38391772787540276511024829103484641722749024023023497013885810986255936036365507245512045178374001290951239073608570655421170741

21.32626298397296170880540590017563384103304931036413156447909215999527082553509399760112371809753716060496626263146834637207219629

21.26743263214016560936439626259873819438660322003579157053228465108632651147973555519684501335255792443218318444830368213891287971

21.20737772837813837051459077838877594100500547395887986315221682924726451926209552808240949321503858927451859356522418590305572495

21.14604620694298174000676031287949449084267376108527367752607820724113642337623519274027318204863253234517809881244969440210894892

21.08338260907534146771621277112395588884049012767822970972218068227757010124321735732492749176562067565764473808994938150665696402

21.01932778160732356365059498056488684142773234031397879453340414993891891978386005415998556416470635503017432234840776071817433087

20.95381854134134112915472285328517081353321122515388615916812058490716373491048315722879715806055529070877287778752844108266055065

20.88678730042745459950489963047054139911898441210549934713106783210445085920327401367107137867277106895723158600998127433604266093

20.81816164717055647712622846099669722684183302426769963622242862094837749793273027202737869162162178884271635142358556162513662813

20.74786387574843287104065468299776724102458169128802818135311337153634071153374855983486902231615946272933394204303629990333415484

20.67581045718141857340472693305420665372000320696446737098350689379238417048934252893193767757332858581411678535142493459859459192

20.60191144252021532058244037535070230052715241545945485683778470764578574649210066103544715672796040232182185987846737473372788688

20.52606978755509613409541831991805180846994298485722444160872995522397795334531840235690866660824772938960869326484611879736957024

20.44818058632684065541830955908625829558389597937584006194148253735034406203924910835626044033965106167681513055520393748298145694

20.36813019824747164061689690835420070573012069827093470275373569329526283155296206514641234125838022758395417888794394437319937284

20.28579525060165000199237807956868940756615159561011697264891171584197860025175177478256272422190442791728844258717463176155066168

20.20104149444791287189675185451970027481459010072343110955453409638402965403878150214102406086411434591992703956805292305991166464

20.11372248727797181605410239018862161994249981663530083630999107546264114256764640648616442218483377944386923857404921783179464949

20.02367806996630408021972984512448571346213071627099389743621584736607818600348564430488194614714896652748133387687149170134922838

19.93073259821304380962427314562976843668216458018492098166369462444726081893717959327116091399426994200974207541770624567388149711

19.83469287939972891290386483486396047054761184052936669902352868428172740813910082097814101658142164786198756168819998737038035525

19.73534575393324943920296526972071721049269241398219708198970465972831051138386325691562889227246755944585467148233806818322722053

19.63245524492515886987473287342933723798803180321817177667621063605081374497643992676814916631348340391938658521773025369975990405

19.52575918031312293687409717745825930528527488036867555172495699368212478915746346312195046272314935971377814988310481264300614789

19.41496516571632503237912405474382953665469659587491592720226662966080022242489710151661227181477982679379156977827072603054234695

19.29974575223945285336323959468600818782898951161488220965325675072887321213224376466692706834905717548012830199715279076163936122

19.17973259800062646607813354151232322124642062965911376639721349828677589675172636030202468427843494111771223063496329324264500234

19.05450936090859814486096965707148290317260225440498023823503303391322469216727897623002724385985089479348715521128153294491583434

18.92360297668094387672234960889470313041997603880742839427005899202910349657608314070786498645551243459869517020492587878778182191

18.78647286071908642998360082306656495982601897737018835872684089575883855398917225213159470592973683396004370839229723786198271815

18.64249741089325224501131994732291974488002518469289247703341931134652028454400597941822252196151068208753710464568739294973723588

18.49095695863428385145534943123100160941998533588967683574400642304504664134337286703925117088903428385349986965926593032788534231

18.33101198387947576203792906751278587199461544382168501174485253473165748512374063894931149245672888565554513612137359430398123093

18.16167492117205767059991342629044404511054638158159579197474981300277402464184613761844053929279897565979262022680119178933274754

17.98177315139644847082904496219480355646192024081271923750334113513818218560760165079168668155687318293232685693267111913449542615

17.78989964910428255406396979687584672705009604202157129376655640534265834139342276774403341714930519801437617166077231429603220704

17.58434598651324378210990386643350126050331948594794471719869124207548657441871579129611161544437371558206968987635638335704550350

17.36300953418983214931672362347034695724629667165221428270739568287685039540502815244759974900906508321024071432487979582539943734

17.12326192205245369189145003911942065997081852363591220813327559579492940848731862514217642648871859727338935261532141149724144137

16.86175755626892254025628904383355446075950414025046876041920948245288716866280335434516403111955969015150125008674951447951778044

16.57414606210248260356891779878251841060686816627639268381339780031085941038888385674746890204087849682655277478770810156742894118

16.25462422014760700263355258374056945169986738669573588826654001567926866342735583217493238956671531575806614485377877035220942912

15.89520605377864070830205092356324627027039424553152329425916456862632151512951502904961782762952329173017134466914331853854579548

15.48446684723509797831243904693851328333776920192026505599549384125628995718919864029521507576769136427989785063127880574904321495

15.00522694774644536844140616235044542151650975353099677690071427298272618891437497135032798076443458134340024867466821355864779543

14.42987436757757469721553035917885578374699870222033322570295465854554558135852583172279824146123443854563757382781386463735899018

13.70965867465436938227262618644275817524443523633262472792658783804710592592478677397241070403957522898415153793918997039145464620

12.74514667742548609946757389358160664242712029297389262833726239592167534524561452745164478288467455184339929671871920881510902900

11.27356641717134957017942419432433067125549852021244911949726190606233896803684631182784476530090116427394845380658549720193226948

7.83093764121864131620889498150400204893491499305325308093336835355813552349703721846565965925818079109631513546136528395463668808
