
Number read was : 	136127700912676382071058394919343254311279545524424023843334646332643864098058180565688070264832009279

22.38411805355013619050853821142407343572405534866393939760675230997596998381771056130653911591316456453219945860740661808715516467

22.35529476762900297394406633542115665955795590999414535993281472965228829857688224054657575445195257627954912735563384174416383441

22.32618064519416552066103676402231411149792352932625600131637930977453296815409005191102397029267601073404696851855873383266510147

22.29676975705703890288412209815328656482970183308099295361887843978703720282849080718643562390437188501491682868742771585979413950

22.26705599084438740541970090411981790063429404393728382435014671281247618225233227255527556849769838185081610662714974730570195135

22.23703304337360053564617887820605995593403839784179392338088881341893823338763635921219889361107070956350312610964762244979004871

22.20669441262708485304798826155563985103361640791990957110561399243345842520922783670489410296386149214149613352229659494148422274

22.17603338930020973011508733121175445204566281336679424870251045812578459156052225793008563668247872175068491678286854175478729895

22.14504304789532312279288413610648397267554459102736034940449472811282137535684653480019030326793755982560875747003741977502158012

22.11371623733226443266827673989226525366463549445631921178140864511998096557638435434242528985913508170646086352615203229443371308

22.08204557104352908875018669103246488569580938738011269100513322513125383147125762251106236332687553638211862408958189178728614810

22.05002341651976523704938038911091824125204193817684184053161497899408906074471186481632648861225275078483912536140206222534284061

22.01764188426858651707176674378374624299995952702929115989786363175228263990354456719965959065359791296205326294815678303386539888

21.98489281614674362770988421508184394183840904240688492840275120757570945927978536506290699202434144990323886304709093172940144121

21.95176777302248593648163003784607211078838357473288454294890278536480782514274611797846138111411254143659354265678916396933156018

21.91825802172143452197519998766452066734118921064984631223075488347461419155427534190149784892283265207817551720889977157973882422

21.88435452120544819680430622836101093482022523880070408772881943229911232952344886569467497757045400110281594552853682233715213603

21.85004790792975892097734629009327986419335196084114581829500538082479302055205143384166039759652847423789596726517014769671063746

21.81532848031904301656765340126604003360534836724039407544873036756256036444242162248748511196887210775812548529021508430490394841

21.78018618229803534721559796643788575269467423090941384063808315189928061244035532215669896153495432731053463221207538437773282995

21.74461058580673526976743789662516559788028110223937044136736634803552305728116214207064097519963085782620795405722002741098505510

21.70859087222413961409905254803497628770207280325526343352182815592211601673051919095690928161356071817231561317202853935390553034

21.67211581261770602452601161641697608298044402583602805911119888415816713853956625580013337274459491993724258833092604090919915700

21.63517374672832842085853631906515633795375110357760799617954397670993066620085425712410389672149696410495100995291652253377314012

21.59775256059241465542152973558855371552649570609088448392520865652250798476792962769519222771003594697517400188497669148449436085

21.55983966269360339293303165484246680561379709373099219470444997803621998341380627079543580172826331099524577958207527803328434707

21.52142195852663991773033755955050975143986473040519216987418364373256403030577014505970789340799370377171323315811110692625843333

21.48248582344483136658551333774505042428145322271999808601498258622899202403574590165362034888920219500428204251997177967009892719

21.44301707365018808602522002636923865986174669721187666347231924940160240530219093056605216489220061172814721349246267298479552728

21.40300093517167734071721768787804025245672054647992296433654334744815725607121227643544653905797844109929569109739979179073194370

21.36242201066179578948371007320119121912808754178019608303402851568663963640838845341779428806207258669914939070653636724028867142

21.32126424382471001733509848823499154482003324147417280133472514101849722526386955832859210947577561406717219966678924165683332458

21.27951088127029392261284798302597185858456411868921479418462708587726444548010171315754048860059844793803864771572815017558278513

21.23714443156724819073470608692692769118140665535343029956992734163268171868902842613347906026695269036803636042821223787650796550

21.19414662124482230163225816452798881627727926783538308160695152809824262930295652855999518538550215858547451509678149300296781588

21.15049834746613018014975370391510354581060506028516969163311220418246853409510038726208217175371007815672850893884615693841522963

21.10617962706626048953362570911993980756602710496141716797555828381062970472166847381756309987542999152036881375727288480328577844

21.06116954161487396891033324988649886578982092059007236493986454523072786342356356060491398204705401853794751748135699446971060452

21.01544617812522239437803006852284655542964461415398272209403359076663861900442620088336401488301988721849166650822532486735726843

20.96898656498890096088057548959759992947756517586623994044751141740257198174639022160349546667221209572611542755443351279990008879

20.92176660266744119282774564609027641521979130733381702168264794796604603181157702157124942167725311462050978672160205153145394942

20.87376098861722891978064783236696377052786480327480063218570954145251860115394380951004784456162876673092583314148355382009701529

20.82494313586221372489230383295898631598834210809637701472947817316479245003987142019491774386351211834803438125030591102300419910

20.77528508455831671362559752666674283074430165071876403896974499276281120815412315457979695496429529964321616077370458576044699674

20.72475740581299585233321338296569572712740397763911711442540021065903054536434074447464534250865182734293104077962152753596173207

20.67332909693150558552346610163374715625114850045501598495948219199496841029536052394375800096004902508552884508082244311649945678

20.62096746715611524139076050833819298051661418547961855197808594299819036537173002574437960963011352872898495156280031316553343083

20.56763801284370725996600808864817867371176029668762822027080626821282464866903486186609666899843377257018714735619818709889429788

20.51330428088812149317749105527065341677640619848800854873913428504353821190522541597895452307404351038337983112224248392810291465

20.45792771903319877478185365132790423355582378364275078483374401060142795701045989284523659519020160705943049068794498799313920995

20.40146751153694250474518069231149263906141364371598632169924902672221617413364387453306808950832200198459093528912135179547063526

20.34388039843204674174230151196906644429257922715980374270310493754446223079116853220582248624083413327689559556229867489369463398

20.28512047637779881934862361758243731103387662974061610637751723029671846308387747846561716143054214503046708119981180347733571267

20.22513897880648907210865075032990248953345295369337507865669223527435034418905644420868259945247380479365804441452646250214978727

20.16388403272599095707424184223202513360508248326448307286767099450825909304283044300605954176436290732980568385994646333765132069

20.10130038913942490905087780119151939007812776150779889877528796632745002615887086167880942276414678599528732148507663101497980127

20.03732912357095354204069794866418097098511167264783448228770772596200149363666140118547636203797186396166280012845671775416318406

19.97190730262925348281159883765435501303204131472421858294557392188253007899242561460319705511615321759802290208656049450575340660

19.90496761187917848949348175816780399768354010600544884647323945156099315985211573709984835764873981418558005019629616095226964045

19.83643793950542552340543104626835436692767370625465305195041344384528812309506282122161702064809542472357768014503122888293001145

19.76624090931210459810632606728492817325877123745519539590614365374446192455744505719415972640603407257499713423055485712903920216

19.69429335547458744920560544381170750724272093859808597589773074995920774329906418234809902780320663397565195514812346941594851924

19.62050573010165668485827880909393295707360352029830122254534445228042527240704958010610605706163364349068299234946695237289690202

19.54478143302223203706039431791802968742109718017647263568019820906750707724381284005033238448513115197174043568863034180845146626

19.46701605121253128946970528590695203932085847857792022261648959796952354652893198708265119679118073780975402627257111733365520165

19.38709649283793923865194616680807060125630505747996752758626429565467609035163279223154814069890530686801818816221987900024355646

19.30489999788538327258836068619112252365980195110701355418430357468750243681065662339949084882144409591294470490103755796927979425

19.22029300365954185879834440461761552036822220107851358644452567078731365563051006508959543896577085023913606081305459545314449288

19.13312983881814462227277010133879417292960787079424627015320285026601657356984757828255531715525946431201915687132472691753414435

19.04325121387661119895817895615676549728875464630162702467847009735028166756019096666168637749930187636662869030274455571588129641

18.95048246888805598374541713575052505842094044871114227692007510302058502372090533890943362770928245327975031066101412029441265709

18.85463152985846947126071319934168447408643524102654467566801906009467794151322070211399640762883955196938057655906179906428655754

18.75548651379352067241625767129718862235872357007909706320072162529528008920853058524310358405830647302644302626305418077306823791

18.65281290728565317883247049810729415079226716158813312881368784395910333651598354333431804408735042150440462440232832636651645749

18.54635022413237312773771532443479239678688534591251353737611534066846033823307323027632027812502876396642111739184418039312617755

18.43580802209894565044285941123753784679017308919741736471385483616630845252269204535063635125241602388204340770495354787946301925

18.32086112546059957761516373305052554929433295874634901245366098702332460580552793578206938033740625030083122379786735284219121713

18.20114385535033651170127120290952682909555895503745298814191375564936387793806808358341187074081502693651374097828173915363056116

18.07624300985342080587272177479002614794037195104622017188225429098087810617431360995292431093295752849854524827176560616956624085

17.94568925391277708410523113903541353272477822528586678835908359118467569570109189722492269047361119678160339372150957297678386655

17.80894646612413678946825158333880753840253677629111711937541458794627627879080223427330718494882830021559925709086212449921526796

17.66539843144101831968139746956659055500534051008686536513662966829271098914276975900152471710759890635417536963461383009946117196

17.51433204437867025192866422526078990304549102796537911926249919584148362402010760871404884782965754512220271090342793686978518591

17.35491586339655465693757153995040925908239092290921083595503608361797092475431803320509918587459324930443387483818615495645174739

17.18617238121008647955258218494725959290212267995738266354793648307490163813196122484159689389463788456087358704110579717914820721

17.00694166251991982311130763817552021350729601623747277441662238934547574326963306065667914171949603100208430351649589438159204613

16.81583290796465062055064531685420405792441892929609256366888011398146410712049806803637896124096456473990663829442932326044295441

16.61115878759058527289979272329543688041969805358978418851664693110189385536038601036542922207664670979357850332749127273989581846

16.39084461840281387387448743709829689802879298683401423855546337795443193363364925756669323032197896381333787231930712260359818216

16.15229984994652783803251036478043676559629002788683491259766615897748728376229778629950401962486079901358708608578370791946686194

15.89223136413095792719469196562144316780437347186978537102675882727724624594151056312978968636343589041600043819731111196195289109

15.60636378001856813740478687281936654443132179217466453726300257894491167655678171573743731209029541805913982271086270410579262138

15.28900492173043523055939036473776824952992670527360064095428596292273498193805614829196295551669102708121189045002565758991869416

14.93234053001951697270693205345433365712630413513316809319853895659386181082024708020232438536849135447281679456799170577667234956

14.52522628640555374459496061404789712391575734674072498809862592801896779047140573983391788727366119976629513714893731825854742790

14.05097378403609504717521276686360222324274355801502241486042850595848279626538411971641448840127849830514653631678494563054516737

13.48291729788414398004764127451732291595359634037017126552657539179545093647342715363808698714509921769425298617433007060133959570

12.77439368035703361738971186734464489493710417702578359686618873139200540047603321293003543032434554412884565309259825353061695749

11.83166285580000338082121469056304693213321058393293629141149220669497565733332627874317123816254512276448548382346887616303796998

10.41499643810103423656810498632565191160100578549015603493617604061184817289143635668079190535998490883008424557782113051926107035

7.38610251099975017672219071545896028979272034048987798930169851739631779647585307110916995586904199672039367973079734813873327153
