
Number read was : 	936163793215249265372214513502485932812463653105107015782413187898436100450700128667817992885440323911246699379477901481935633033117096557653672971992340582385806804579842634379598766195987221674283123

25.33817580899561765398795610054208440815056820629921922979830460394682754960571770583639468944579838166872717081738243372533133058

25.32367693669983515498790176604537984607845986690581162037672735949012069389138461206413916645474468683696183609478268271662255156

25.30910484028296359984803585529564336649158069937422688692660139203083604293590331513632322948128873021917304705680858128973598316

25.29445877637424471558930623073411618553378404257513335809571828068163968458701875066071528441201461009808419522170749080023197632

25.27973799022505897374760362756602106171469275757798941119457519064540650011895450089084273570931611849677654781472430331384849444

25.26494171547553761921808690477253231454019068586997187428976600850683784856496824245821350395787362052163505919820458308872093688

25.25006917391515961484126001135438102491349014715339679765398710166688113905840058060208393392673546260924771390589492599488953684

25.23511957523714650535691039070983452343192433184003808673584556772501701243519248363034156823967700369308779443970958959656907728

25.22009211678646138677392732164389833513347607152177653430951584995060352225322758782897037232576699574905164158951376540881976790

25.20498598330121106407110231878062007628838736314630547788205034911962409321928269376834451665534979211816432711866745412587670298

25.18980034664724307792982153646144301307834598396841954578694362704119042907272584117939661766875770217413631034951356357725274040

25.17453436554572156566194281652497982222888058898521037346061467288422319503092385352609482858601978219602633341208976997507910452

25.15918718529345787763538255963218926893982641775255928100215156277109533702652285940817716372827800414585497804093174294539659654

25.14375793747576348251415481869904547361347920253241483059941908376385336293640585010746423059813346192114558223851440893149682938

25.12824573967158394586736197907254376335115418814599326331030247954571147033637400201339776213548934586710515879656835765084076001

25.11264969515066363961139149723721903214188176266625905617258215252487073090509105939037089902097777764472462167422441765314393510

25.09696889256248131582587654296247621159162937813016367660247560533715935599593080437295261965234022103437162054458622812485993804

25.08120240561668673821013154008298227500935803636538993721663868811293808446071667993940550887575782003618921402212940344941854156

25.06534929275475818723370826815239148936817831362962448892520527294962318270364927756906590363616931571422828480996020484076007250

25.04940859681258981915582280658500339514912055395551968007077104483276538130958563405413679160596629247214375257783098223435658806

25.03337934467370654161000471515813812282149553200945267322233909374268619024954401281072538752079781903620740634337151166164236136

25.01726054691279224515750286949615516103358833882112719613330311645421374519297872471861276536556638417739596733207075981996125915

25.00105119742920487612260022818173057342352105339752485078057792782571938336672968013704330387641703018766540554242894790302275700

24.98475027307013891831195651091295255129737554507306275949597745759345595852613422126030369173559957051659966819425477133393879070

24.96835673324308236767666270786717586643454608457729761820914157191695672379882152523454622503325408601556959042769317025265055862

24.95186951951720113073694059770783312240097498255094576573270689459640204442328952967100562670241502465405301865248936214052531147

24.93528755521326906467042772132972263817049053393641866289620653036685346148487060349282853187667799038520040298316870421374654419

24.91860974498174637146232639528131977974404780037403731542841469892526085882667677792897061615796159894142599787750441923413796734

24.90183497436859293615830995144279468707730545620695855592854729411654767389866777990568836948261684165474942129161792330927272377

24.88496210936838624067405234767901328283790149861721238118859234914054037470555678886136491404969263188770143250760505362647293162

24.86798999596429579594178624331627787105897719261311000338860555876907323271518660500963226679259557801598050263596892322425356804

24.85091745965444744670337936038731001433937610969228105517353988189844805801352245732791423499679179456092721834559141546345771226

24.83374330496419147977715935395753547756173413126426341568507136590627622265517426651060627612572250519229924172748631101678835638

24.81646631494376808313733395564126204624079020819439518671822758242979256038045810892444116236621964195934540523503058352652783087

24.79908525065084234566414250046451498023810621186514251479952712921550955696333160417300929747002602224817991201133856955358302161

24.78159885061735860729164425282535061406059228203619514728172855567258335168907753133245405723901709376553848369462087667980363400

24.76400583030014046369820313544316375483920609284548317404794516599037829942769332540127399458824598545733978804641913098191459096

24.74630488151463811770006773073246378013287949908660043151084507087299200636100426535248325754934794456614482688491621293138450422

24.72849467185119889352431702212882227908772788183944796073583030730843105439863272443678209559183544853344698203231154402161278693

24.71057384407320960746863870758614198452361941136172706507016000082150226957850991270414870160964030518638705250672309705787373927

24.69254101549643098312306210563873299198637950366453939661013346389583023281440036287047423070849710233257660905271809925536434930

24.67439477734881437838074619880196807148115491383147791573093041317199428370179204000663140768223985650329535174401167188912611865

24.65613369411005964232172354883219452734034317200641334983756061179270738081959287946697763813244283962755207335858089368268719234

24.63775630283013986923285618197449308163065883662131539371161831126613598916575235338581398702284073354994378626226920400299017614

24.61926111242598408961623836151158146871942436660254558673935191474240659965223856430107632859399238659881631123807679653738446975

24.60064660295547238779232158157017533446589285384755526411523582421185121458545349375036239880911608177573957277427781249763853118

24.58191122486785951110853851047791874108825125055673496591739779068374169715401731915204153947695237078618965866979604499331641654

24.56305339822970259281197155917329290165244769978621061298385935994129738028402005253990461204325527442756583348778862611961757778

24.54407151192532603838776895954340547455884812403345143399114603998865837750780441403627077838024534006102367489780799223676830802

24.52496392283081180404531733509025482622304651254469850265947486190334112800588848470184753169365005633494148545083055699260216721

24.50572895496045606821045740198536997747702376160876117452896359603164636849522341204038808024458420562734589562577190800999892612

24.48636489858458355457833935925494823990406042987110248451581232555695675615867899085873397770666351716589819453743433271317146493

24.46687000931755832657181538452335030970632621924718556878870772507676826915618320540810389100126663008479303535217363306324288147

24.44724250717477455842350513318571219164673147886269030261018199401865688633108187124011532321625503305750663354661685054131149506

24.42748057559735248940608723427395705306000797211384121500789137276534966185793514495969802169422887422089134859257589614755071357

24.40758236044320319910295423754495998365198398905972298970014418863747236626586338175119718069888525295785542303442951514254436495

24.38754596894306089377944257852153332872035226584889912630501540964861053264252336513193018160231549750493057857370209043986304646

24.36736946862001279797012476040257366566928342501260086913871543987107063336023780125155314141538335844970726867555589788645796549

24.34705088617098427178029640027749592060727019039826160987748219822259669145577060414742408903034358797814686039162736042331668092

24.32658820630856020446430729086794181965908635631927191865763401423882877924191291237678487798053567444008882458440815132586897147

24.30597937056144279940737756779999699201213819125754025904020948152390271879769777579498923261077281374682694294318962715120299523

24.28522227603176023140012831407642314454379932634094325331707251534892480649079029279282617622007756200868709305427015020222288713

24.26431477410735011768201206386311395014615524620130404118264492068063412445147124056194320667378579826748176985362041509037207084

24.24325466912704585193361104911984606296046728772450688682123421130766550720540874885990349898221862108169350003341760627429653441

24.22203971699689236606053068561845524309314967927699798556942678440323187761515783497560100203540958430909889218029135425881956146

24.20066762375511039040636751060282675657555464452150316563725729392645080635446251400091405767351903830097522380055138507571795372

24.17913604408351429308046560347728478955846880798457547754838238256545590185478522200322609853954782369725493666353805019856365927

24.15744257976296786667531139192199908508072274862527472413881369216471628703810840020434451355201305332348862100519042942653799787

24.13558477807033425046250021028474127407625398259493950866570916107532234209468692575888940749353632391985059868627315373035372149

24.11356013011424030376709178222303770563925470263827754089516319771625787251919274048166100723490819118068416540282896034250675927

24.09136606910683140734320947233627798070485615265471594571709881945417211533600053955453607736790856309182044203161702219883207437

24.06899996856853944702191102943153667172401000273161750482438351318575031978038619233231485430126132825131556729596908291349944401

24.04645914046272390994424457611359597778127683135813838119317233406252589146086748057237554514794418320053097245174614976482823783

24.02374083325687291655435095623229726417353361991653938088426599535936254882449604759464208185122955487442642392831980725446853043

24.00084222990686697865873777162124194076695840903888152069215768253393774994927997666841938810415259548845907593345547716999911907

23.97776044576061239936537757135850126895898904506054940340546243324433403695986478829858409254424179990676403462821523697091426481

23.95449252637714272563414596443504056495800937646640196952803844671786661853898456826286613435264947462875323136191955484783687646

23.93103544525706466723624528538734157564362523964157581628151316608030545522208647993709773212343774282012586452170208965056772549

23.90738610147998822171831033724913589313631051698950120941944025609291140458827425194915240232093244734849254939830158049978540852

23.88354131724432852706972361400999529316004293237496475251701018647276073409489732443842391103853618776458380900648907756311080143

23.85949783530459790088082924698923956525768938438253169651072499315907164165245275851774472193017569368656603664814570923371693864

23.83525231630101931452433741832327134040189558001946827184633434332837190153542056549804085564180652689054407135858971676271522529

23.81080133597598596302755830832160522308959815579170903207155774851660379051677545196407412094721272769667109370105493779276028408

23.78614138227156396684061857417355400117056283201900396382929174244659945736521951007418138054155627774119510780076318774528314740

23.76126885230188505217200916886105206357594538577837515459242864757692789637031534187009389108228623297603084997118573806750348593

23.73618004919390149202427671495779458232574587116276976770660956399536914381022809156304558518780555618585299138000508372379305035

23.71087117878957474597831621679537847526837787811501906471821861979030262549223035954512151920644271502325590870502413425574736132

23.68533834620214003347795738319095137207328611832824446450552200097577567783737739632428171343417675794794547518241052254104974323

23.65957755221862913261713833975060600728109271398164281668467777682224714138875038075782625349556687832400920426013809525303030092

23.63358468954034071569923737243082898766037564923154817068580774834336192826436734315438201329113971163726070631330348923724611882

23.60735553885241862486993873734172865575448523780129745256213064162183971942755496512309261876437738544088628270005224726534967499

23.58088576471313074603163527721895665084022269073302233123452028756197790939829814791672628369359410383224828566456255884047288189

23.55417091125283140276016931959981961348943894691949223930005439323463971201684786584090051280455865858020051532926954112836647839

23.52720639767193480464398375869949164983814688484627396988130335485126852601991836384215653917378950357092988998731944709558427308

23.49998751352652226190036883239862485729515761327929209862021573302117986582366848446363911490420032005034249482920979998984106089

23.47250941378944732642998835072039173278699146323170421752855186628901461230341108561484566667213150627370832691747736226681048481

23.44476711367398614281657324134831996611822363649304290502357610262168060203754674765591073169593750319108492543049234310062715330

23.41675548320619992950884306796118621507148913803495712005670464489568496081715182956766977352195871227012156282434840941936452743

23.38846924153122711867203909698409813680854944403512135250488307344435170121698392958102205302226685456982538916672167575562019458

23.35990295093769807286008051953732739910626583570860566047806836453148410424429152453613836038065078887190959315898089402942282000

23.33105101058335871000900650240928119540562696428583978236456733107376325765161708539296166250900942818587886785102825309591126919

23.30190764990379334693765312355348169631217929441721892020181528995352674298899528658100245551197098932490921203682187893653594500

23.27246692168484342531996501549711708274761595165503107903867940335346426487282210196584702624482279063394164069319270348230652512

23.24272269477791840249250007919194389463340734743048369882282524059422335520776809187518087321037792623520017041307031328159071591

23.21266864643587802428065439072016178009304625106461678501890795462633914008754633500101765290904319404114158985434275423950853233

23.18229825424552034438524029141260445950968098352008374805279196220469466483854380028941558904563344163762920513086491787539215048

23.15160478763092500786800580061743266628753644371293170645321356846589340790320634519735403818400847491806427436828411956876865084

23.12058129889996291728036206326673640743237267274956989174836533918514449806980406728241622887133775762710036584091623712673448523

23.08922061380417641591715632588424303517248077384872199620485806567610110413771457577964919758641693049044669181320129299317943891

23.05751532157994188546838565232188711643207616778611977525813250126180373843836965066945872212780708188062039819470118138785161132

23.02545776443633063413424842745750036970265652315875790307706767690239166143491438156743806832149980805324182936185083857184986805

22.99304002645236354531107257452349771617151120109670930455440919037346723374838202495016580253678990763756011370019850328994319832

22.96025392184338722117578083082292973902368397702664025352033287212807267579743693465711603520362712135235507195544673376934257407

22.92709098255305862096911696334095668524521653081439513754014684411567174926678514157134896530244980263127348797338826958570147365

22.89354244512388303736777259081451265511899472179221952807089135445401244662656352752896085007170775854170563213602906471243185349

22.85959923679537457502307993808605773518218115591140671071477908923392060662579215535458361938235199403203540590073500191485937488

22.82525196077466356663643296393805985025434080213261701344040486404983980703772721253038885469401005561884200772291513341964736936

22.79049088061972123616414685317195747794645762496984702053107189423828761519377647546126888846040786321070028612964497141994324983

22.75530590367026392485129794981311764368270969876495184230506491126046594425517099536832310530563890403507486248088044019615643023

22.71968656345578631833353362001752256133724717285964282500696518419677309496583299250245756624455414560920363575504709047001900268

22.68362200100399912753944080738110638676566290564695436336500850714598915897039882896500822467503421090129626242781389321544844545

22.64710094496614711689489495594125172132255411382333460543866544182453110708517032533253260555175153859749782813537656574101503678

22.61011169046818646420149229317781882102637069020261447580383938600715739549586149708765045820299987458040032632675434284285132649

22.57264207658852438521093390038865819332594361074887837330151242780568986610290314199615541056047244794824653087488101091299178943

22.53467946235387654214400771014194809487480947024010283206938546471448083433949190137698531630960031376868587348906913158471556498

22.49621070113467447985193582340845404618941492468658394699504210690130386541493234641817277105558990312386287613059296064718953738

22.45722211331023734347549715794496648406005547531245207815570599643954130322583740002321459820749336001554193730281022502936222117

22.41769945706147449451580212118192826079294654568564356532665016686862774364720147978004237183300361497876576991086283616068602272

22.37762789713505463306364545337866617852348301960358781063439913431527547497292607361758174866590131623613152066906516523291093063

22.33699197140758721545752301539370589185749046508291154151511334622494770433851327221513211383435212612712820499826806593554006781

22.29577555506121276743223161577022288350524724778374413947222775634079815328460786817723707232911072976835123028158327777339170752

22.25396182216286081840652072880498053132886356365737859173213472546572107477159430753645621907578874730591946044125171287672894724

22.21153320441804398881081740993214875727544327783522862791380208527392316796234145962289777093685115689177769838684793273350536837

22.16847134684611198952727252094518989662301388790667227895535844058717929945045551771058432306291386251081780703508155260999280522

22.12475706009704104535577941440637250543014591756029490973932534849981948518597589558528669261475874600666105081761266053707057195

22.08037026909968080197147022552881922470473961121613250901653302067584058063671730099406422727082655179535127840962710921377603743

22.03528995769745681350955825848109362850180848463940210408841112101152068029497067089932054514116218399612502695310224504662510332

21.98949410888929353566923448513454857312587652218134062824343290650564116955115714465469361729078119603692704493911141154024621656

21.94295964025035463080179676610120655707928810452163527801669196191736218598495535974527577785561785761064017640152209064871999777

21.89566233405836584234002466597696224022719477153296926423350312207636391575798012607476890129862047963748132195060136814504240010

21.84757676159594078450941651939972230099353866784252256329675939497431978686313611061702974360836508373455080796312700715682844427

21.79867620103647796749267447311768865562759405318200963995220798662546974332985619678600484119670883880392812636387061489521029404

21.74893254824967246960236689484085705401196815705646026217872091637004157720323805276650614665723151782856137292616719754893025531

21.69831621978111814053314157874542816469613397745841386269157102441381148953214459869307626914986165261166541051353166973572202978

21.64679604716725101288857634391751346241974241515050994672416999328923083245776184050375915527440734600890998727180676190392711687

21.59433916164009332437869225624393922973695045119711217804489993158734680717697278530280914049153304122162236292926123701386625547

21.54091086815363791495913102556745768215333939515330204611971174645772141251892500961074070163852396370844001698252259493084974678

21.48647450752257530071301206440780331651480696215903651144294188324774639525295860063608926274842968776670024481396910872731338952

21.43099130530120378117783520581750417860118661966083242991237147115222736028778662114842142093104833575945758494441970153350858001

21.37442020584194036181009213118724559119377134643236319176216738046431014573695220057820304114882093099746201870505003822043321337

21.31671768975426303696327579767992865271489140458407181559138562687571461964227292908013912290428278386597578812601244787497602799

21.25783757273061940032942991286835887446227125721160832475707174222933959829243966899380846455715150052676287979989207154644961020

21.19773078340913217954570101514315296368362808994741369888077981227127783272871105424924407622392412395296212641264072809209269399

21.13634511759569273127088011823790101226046040658607716773025036859211220794761781762227037620433044201932879330813469145268481056

21.07362496576036386255953400793398870814946019962629520856995903790575917988515092980326629735818225135020579801045301627796104063

21.00951101024281786242446846505357659414008795157498656077328662681292151696895840383377973530999725778535257417451344303906080575

20.94393988803396705901516584144266437687890619280636312266721165219388524667658649049688180273715159414209989056764056042445230199

20.87684381432769929301930164247961781475243729832952596668481407443219846723131925529363978359666256591495544319709444171562774439

20.80815016123504338458857994875711846711313078031040594221706270201646081339302442716069876365625518962661426371525090958824606023

20.73778098509495993659393191748392531465535577274285845593209930480881813210647177834747008697409782125820797111128355584570884122

20.66565249466602255262612861660411577382262107282188167718293469075775954146891422901726338951549321071451675432762902798518628158

20.59167445109721433911535095920431666977300457117690864652106048731081765204765998961021477807024193200767508590761159900751165175

20.51574948889792974123703847678253720882976730031400881505624438691930499436602835920001175423266474322695112375836230522706673328

20.43777234508590691251789428210632477967863483302276714969103404251453899103367584253872491716041194726255051301647073753020236107

20.35762898119629714081486028057059867819197290768847351501044496193134985943331995761251917078213631684255093529066015021064101567

20.27519557976846552993606594776470172597605581189240220094818059678839630196860732859765001040367738364423451938309971468959333928

20.19033739313802161064940916567959523595396362293536048687752871660257730159567528104636976639280909314202153619019155295454098886

20.10290741765265884411449098529462171692176147478785364187627468591807162024191668996909324460606955437248570573080063661838730706

20.01274486054251614981825240430783415533498377918642724988188597959033484459138776150826588377295901746087037400486365653787422215

19.91967335926609512417166209996160895725268492427850403710386809083747803830780166150142584727308445366350926538564387456134373984

19.82349890376388213581066734273269631391255190422311666380838008131254264492340964349926801161064934798337426174212658370331812156

19.72400740006828057933121673857089833817201977636457116129772841720417926887828526789810910670403184302466752418182204163665023799

19.62096179830447982687794325989427307673798429606227650294612534501284846320823330603352843823094593940757699651023571519598019418

19.51409868812637586818885263764726268267983903970036003778326569721186680397325530929656652712273514562295099145061956588627191746

19.40312423847651604202404115916107735163327337785248262451176286867957263285332645670892561796667256076516156197869785983664713105

19.28770932401407197883100039947331968705543126618123908304846034817551001951534651060934256530809943189168164863070139728300815357

19.16748363446475886347648878499017184903906343143958136795844135014229203528713189153146343616011770256835214736839958897134656942

19.04202850097953896644341858610644603350782333052530767381977733384754596731532873328072570877670922845217507259732866513978029646

18.91086808874533681956280336791483050586240896237183954797633067324327253491950783139243935993395356163718231058317083108202507908

18.77345848781580165908569428514134346037877083268161853124083056627576637244312242316920458952272981200701380220957719839636361319

18.62917406976886053856864345688975033603510561763980335448707725683716032987725330486332722479064261923467832275045680563484303774

18.47729024394472943934043175645404450867432268297847270911403025810563007389175282501983268022094523698212774702317117278454105868

18.31696140875149876231617404087521933835558660370830632416179151883943277094818371197459983366273723620236699896239007779362771031

18.14719239525580485988394162287684329297460793667758288879024795159897516439653391342273343334437546111639106302118046065146714056

17.96680095143219940037542282090898270012221570131188273343593923983999343808036382200444970821107466034790494465723582786348975802

17.77436766460784908697526111467298689351794131689496154107133246306903848763413545605329960820455627396291278414600083032459282365

17.56816790628445303853747091615725417180598624248480909230250843612000806304266308680711036573990502125129888756606669071380998643

17.34607744470268693902509456197994457974732152801102790571126417791828422684734777072926524593888853095430602678930934252034105692

17.10543845301608629187516857119056396384366694396194437593735556263727427594794809587575808047137375842436987318783889162043435863

16.84286410532468831716872231627809281054423230423098091601341323924567470413144607754179656444218109616164773986729599666628150128

16.55394449373229121348052984553681041447362660024085951010251624892523889863025200359175798698724651471659261557197254234503675058

16.23278716755358557082066626931745431434237402966426316345601991686910321309609215790040032286147962487147786798570185475445210289

15.87126611838913657228366232680056944838911129298644130985130148030366401812061291465141637169957842825442900369232524714515341068

15.45772378493135296663843354972824361182555376053965314265878885134380267247854559894226489297629068442509814346142531508351488855

14.97456307881046228215112270736635351073091616917626938563873238636157368134572063712498785308432888975442008112288184450551218786

14.39334318881594411250239284488598132011105100048027508580517833881127131124693204652890685336008631167990829226597659080740016925

13.66340681925469432769690930792543801199201275867401848372472458414244298801989537311913648093486231733073044039451358553987867619

12.67977627404634411609744248648040636329463186218783668064597162529065268767308084959963441625427967358226369407934409315163572108

11.15444940449325426530892660193918084033427456865023864146044214230051138360592817710796459781672011100277117546534999407108258499

7.00955934812778301950222286234094788367506956465515575696093399815007273187553912552312140972495634822803513056477603333981143307
