
Number read was : 	8659805380463302677672165742871844654864178893364387726055285347283261538634715490817088477697130646274918805135974151248286991737528375390131473366689

24.09647530295379398793861107835565954829778543503376373992965538558751459293613337704424731207375127533453725699323391221474164416

24.07713413803028940206729956390848751789279870464291837857754547690737159615283355054801757815554656032903688893935527798175532059

24.05766245116743807455427010407347694772402379584207354163187946845642126790410952584700597627891107379194668545395351329675050002

24.03805846875978289493777552204919505549323586386650047190954852390136049185548934229866923644136742724218561791487145584655118124

24.01832038080328403210337289724402240289221881580833753862176911996103627785352344616022380863326620362545112606083189768968164657

23.99844633989247412626042753024952855674951290611511503811422144905408819728113128791699166156226234646153476460329445106279922429

23.97843446018283611310152336989906868310962282258473729648555400036526304883854652398440401981526272340048896962504087493408819710

23.95828281631694632440997713281789820669129496973860162250119475071128437205998822098492864199445608764471340845522257562544405039

23.93798944231285375852278032651406757847108481747041561901062455919658376308603226532434303253996822077532440084120120156206598851

23.91755233041309059738014002151653024376386242320750244963706173484024713081761969547671202262920522653829095317600437074094098783

23.89696942989262890335623901676857442830044190196938984040897756140540378786105326153163364985263980425102831706600996953909207297

23.87623864582401367887069295128510053804908064363866192873341777714919630785250008066699247345899236112194044781756691920308819742

23.85535783779781281487903186692478474740724858542192705333294001899398937760096308053151187733056655894420894960119479414480905092

23.83432481859642956881298811589779320767561648345624773274215511292881643802174709639693664129910022893389543214203807308874346641

23.81313735281922275282722410245976360009663964997097845413880172508532541853866060256698175643450703286025882666911104203242626413

23.79179315545677340818466371233503099658907174447545218052265825182629174872120697455820216628484019764819834802320972135891870178

23.77028989041202399249483290001945821432469304025227775393339253309952535433858113439360812460196118653702963998256757590600225459

23.74862516896589658458177368138146647433242060152251614560338937700760820852881017819943754130231369064489945684642001792745988266

23.72679654818486985583756070142575612211577663242124153163671828706892196283641319405710096209913105606252463488749455930090331893

23.70480152926786007069583397593639685386135390796119434132035655788553198770831215576418225219370471958622748868247238967942243755

23.68263755582960862789220981640268195851550109095108636929587774097341684952957151586975333492113236273898432760263081379449488581

23.66030201211762706264695847306704574540936682951801073662282437877696515149307568859209177738220571146400434559610017671332878013

23.63779222115958937789147318662736424313550725815740816054070737945568038238298850251351419386445953745940570643830071612027781487

23.61510544283789038254594837333827147661415376673745459082788153606449658775916541699220988820722713389895971234888132578545949160

23.59223887188790670065092208032376233321111090625101620049572632348255347317740863687020698167479377918218086809120387277249632100

23.56918963581630339406181152633233919987436581165338452587442622099774651226678676130322871248929103881054989435747008695875370659

23.54595479273552306770250217775288749513005272054191814159718158519991674096920941131363041754429254324577267256320295239330985078

23.52253132911037471124725218818570521168505864466396808704534901019042314658960539993518547346850481246020467800425087335284193995

23.49891615741240568281046452598767539594089544979403335799485510781231747329613368489924907667350353947809863721825583820757003294

23.47510611367749083793364784605415097253879931177194437100160085077479924172698128841964391068256533609634146540270532665496269532

23.45109795496180689878646259397148236815814234528996959514937775122687718046290193575945063394393852411830366863990901149957859025

23.42688835669107631202441170305883273420283854889781548576835445057096723100256342019538104336088321041308792313765283907967837411

23.40247390989766185366091664864309453883177095148832582468134966130546522713223316494554783581928423823401009734928634975370773717

23.37785111833976952128308271147720878983365378208179571644521569703390984009886323446495630232335521521458186896545210449494784124

23.35301639549667125656229253982260917166336835873615859169965415309783998851756447427780230754247267286475005782115164474177107083

23.32796606143348902979694823954386757618089749091566320980080032980239925753244422287142217944115520621425403311309006282258458572

23.30269633952868583319541081679451304433637212159984692207953653800713690274132430265677623694408514881293153352451055420376492182

23.27720335305698522223380873052496816271173878524718156194919906433400917874979789650617397804552235186013540665939675192927567017

23.25148312161998683565192447646799688650747132104820142836667930361314085426133668000834770382215054940618700193258305545436403702

23.22553155741625848888916145959052027531660804647722951910623447428713915694881322140589041685572145369562391635917552588053475721

23.19934446134216321219823010674443023580626996778472422853762711435506395736381093076343331718102463057296992729756861585709136497

23.17291751891411914207220841499470181299057835620776985377624518389315891843449314098985854007367071216362863960836427904168263570

23.14624629600238824494361665819574023980627203872399286907332952899312886240342291141160308602329411079647796239882193411146469370

23.11932623436584299387144383175460275474482874360912054602019558197128054357292612300976086499886942538079635317194964857853781562

23.09215264697646454950096747156580406763343939768588589339773246504079161398959343809511687371211651881636730921915273722187616724

23.06472071312157747562664694101325951633734374405102761089116158370491182660597563092669496234762186296023060192611464127933557057

23.03702547327102005391785845654367741121499862540578247714199362880250433131419891339746197590308624634272180540267075585455803771

23.00906182369558079087179435129882290802734505879599940143016224908297816536833586938460248885371968889059241925114581752414773859

22.98082451082209523982865533055626809875551363818962726990637382514392172459922719744068497206929897189022768589922328725268790973

22.95230812530958675414075600066921281753049246800945059796303057402347406910801247061799423663001704298615997123936452576059866314

22.92350709582974355839998674840492843465377585599887510278604040205857636333362280839068842414865732553490537437918439182204545411

22.89441568253384530407480087757146264698606042416376567673428832268167404280000551435182240284695138390020647797751568255085460561

22.86502797018697695388110740495370590660602124115167499172994508968028381794642307483612111108715562805681091874537320024497202375

22.83533786094898749327678357585292569714289738229204702499948218881180369014508486705309094853537466082608159570083451891744096809

22.80533906678015587458438499888667145601866712467242960711471708134106178294096847952165870299024864349147850433129421666977679104

22.77502510144790575529817394570549041187840033945989147758958298635556839201673470012175044115427671387200589898570687280436476266

22.74438927210915212490005619473465366155729225010238587777719302613614374830544699027246299028837285082887781655066471260439947387

22.71342467044095344438989527242191224701773996513865741215496365023666692868470321631626598343216833297716271019103686830599456579

22.68212416329006770821423684788144570236037487990669415010282041169848883222389905871572393891685562224184380797655633043475736146

22.65048038280975356311427230511384507244319501593413662880804859070907869041618247712485340513477227707529469731380901074815975794

22.61848571604970010280588120924007616559041879043324418546000548651552169474478355870050073808378242593186854105476725456878700098

22.58613229396229091293240239364984175162480105901054482247685367242209759204783765465259364071867566235003685568898828755485138764

22.55341197978548701459165239266271194131469883417648893995157266718709927877686671129251753172045755569468418707188456984510945606

22.52031635675942427429656020848838392943929750252497196293964194909085018386090392492444988716998559695281391490371020626443429171

22.48683671513033578910795738281226293967781553467722004909909084111819651831506442996183524180258984846661708063601384277171539401

22.45296403839159737183095681065294939138747600846795503813175036690586012935774547998008194087026079453901146471074384319973495563

22.41868898870751942343500561103308893625086437397656384356994135533502280814507256985916186486706385150131864395526032173741323334

22.38400189146093230868933279439231039190963601221434547217593629156797143698139665513713541002715761422082722469312053977059410940

22.34889271886059042973717099270879662557206631926025749235974276092948981975328181978776703508867752012179235055606697994614777718

22.31335107253890356480404490883243487467724139164307430524357902234570478306802188919122563242577691869539474496645739713158564763

22.27736616506443677955545108944706673245089232814412074340466022500015392870546633841074914830199609797182193574324571685953800318

22.24092680028694001641255188336696165947997569517968988809925227549737603440597272358756683710806029461426069984438766431620625937

22.20402135242530460269004981858235452508616921580232666445422554183998232502640878546216305450992672391920022178055078874183403033

22.16663774380071665992164358497740434012525666616524697152920675174185822965221662585151014660796456457164350230946812354074280304

22.12876342110829669972320011866407988413323833573186684928018939484203092432154699341406875458274693451693679900280345942687257361

22.09038533011057816388191893181672768419818319019547119383547760544079180956577444345055221759560715866921235070050404790972397911

22.05148988862516944652629915700708537125536345518424302269720705507978077445668858719286693910568218743792476042949309575957584017

22.01206295766673231528256322413848048661422209869333699504835036273222594028527716747050440629821980688390853323333296056853862810

21.97208981058984423866436583879541862469863261999778441412040905738808838591423937492625858861393269259453657360632669301485799289

21.93155510006422211944801354730027554002609288744258439932278435211662790177334462512308540678169931317962277948086442246500461911

21.89044282269697455766845414215983653374512016088866167597127203107459476707821231568370435647705682983720647323067223290870353021

21.84873628109779513433920767394531208316415729536413791468631095218680105722019278168179981041393609932789282138830354588182047020

21.80641804316205390420480566017120659527332977273404163704426166271220871069390808168700756359467922474680807983243264891629952489

21.76346989832329316158408353613252802141485414106478043053266093532827561595301431361584425061065225494281783783163929018935943335

21.71987281050034732059348464218112637389907107372367104907903239209216991292776772900262788187909147463476371226749654985078360952

21.67560686743479383039562967219735537688137194004866694238735019497441513245567439379978827504201452842174858037868662171873941971

21.63065122608124991637034873529309573980581798713407085028169713285421748718353324105552195762063670284825278505161505181747558197

21.58498405367563444182169038008422815709161451483550991169528067460029448886366614612611008343640635226589549625103951400161711124

21.53858246406430664556082517875029929213798372319819231283598377964217398714270580323324708197252742747931949096324686853921263430

21.49142244882926628229464615724468231251822024970090405901471097060583568654594860789240861920529903580757439442497283967756583985

21.44347880269052682084899505491709320740242246215246420653449048524546123380620949913915725212449598906004746116179734093726761902

21.39472504260538974101849456003568059515247265285434608003426108899134648235426165752532759008820672347372686713932662391456746169

21.34513331991452264638842309865571948974268930931765111702873547408443512309941487236976417285668689724150843393281124828209424290

21.29467432480514768438337252170337630841410670025779659456826271153332771274081621291944463188358693397512069562796359380091125144

21.24331718227071421006376854597244778984174746398065965518743911214334060159720810768990744338467598533716860322912106802230428615

21.19102933864231127776568833473204768046872728015577185781298427659839247374365721165378296528330189015090954607734877230676430395

21.13777643764758070009346229874902951411732310994824449821896801928692406897786782481575275403033804061174991242349072949247609576

21.08352218481541710819735029600884283448274531164507166666304294813551733226958685656509671410751129747615288980631375144472190581

21.02822819888618598347265798297101042696887415704839508004465268976451823586270286684046262042217321824677422192973733310399623447

20.97185384870384591323378490885003398596659025463222163132981725934524067478582029014190456905146270330092264125416131414465936256

20.91435607385378018901500028707707004825391967943717596568800293374283389556908088532702070541297762159232504632771065304407568828

20.85568918706297358572970679199564205080444509790667995407783371934355602626434055170442913343496818029665936988762143469040552390

20.79580465609094993822440951650644454660940335542703116827862705005467352926052120661973793349816544335423351687897178918623384709

20.73465086250278175484907094743833033831076349212289580059899706721197411358441141084487054632503097115323291668611811585080067973

20.67217283431996477879278819967701210681574405203522873088203860279665658079294082745149982289277934777375654861687005237338471763

20.60831194907937805184504404890137947016004862116362163622086933850423183214946455074536781876861904604642891547572188590377298752

20.54300560328064805981165417737097736277534115799548791476764482222163702999377132251327782845108630115490502517011669776773460311

20.47618684355042089949228068294651093658373272131374718347465188278346835598085839856579387405531785629576471265382259683733508156

20.40778395407656575174000659057437739207647485406870592204772161700582123019332559460283040039048683112934433223986380848062959138

20.33771999393914814793427029769757042865998952891593642751217769549006631794872797783008383703548567614798565839606181715083123422

20.26591227685435208247092808985114598384114139432300352756046857183096852063771017329358627023416167343512972423916674634709636937

20.19227178451000198099184817629379932275115370184733288927880412134634563782256613163129542724690558306289101206621872870540360265

20.11670250305343550379437442726385231624859623609672040003826054834837356137988140906242003824001274499534479816060963091440328554

20.03910067032630440203725500560774248678369501509846061221333974794413959322775418861038946774851488135949059206369312360894475071

19.95935391903975343666215227527163658435894229356621147422652604820155769051052749015513831114835459028535052626026411940064140024

19.87734029813601229935067635999689721714275038023492240300543596927210672752330227706426282469317587344824421574844957061743109778

19.79292715094480510960568228859155447473297837800308935270554206411735859536903414521941784591203649286916244142294206757360740661

19.70596982422780009293832490898198312163003529567331626183238651294664507844282910855379276579569546097052921912708117142593008145

19.61631017656599654093391216980863668235260545943138859462315087888797953778015887189821043478663391292352093546654435771887802586

19.52377484745905522774337396658145444050212995836189276043084972180088179085216120981955953929372161503658337646245959034416490695

19.42817323954011818299639894608655383825770172847924571375774832617009262186712981304781704247601931720488464637707521338946454302

19.32929515488444724161058662267193787877704649924986200083195100081442827317973554585029687232791141723381012183057296184257862112

19.22690801171897101998371655433494067153591235575143777743599102701999336790850887261902357205229671435880003551303226739798560648

19.12075354884671902950635061025316548545576894293828426892395624466756618993187756079227250144240561648650759227433539583916038146

19.01054390029789477196216937383746678822290365191597005326471426500742422641392279807734678579955220321765637781433757648867617540

18.89595689002940005648642143866969070416748440924996513418838123377837159718615221613735020473360733798075930575174931243872277936

18.77663035297762366003124078087574222293122029715606049401672219267539202349909194346624116370844717598818174641366796156027458495

18.65215523021606338615612351012489142833174281800811158462822283556241319649120186260483392233011025022317887189658919876401999054

18.52206710627002270467547292602323250195429914755657901882841614757106015448267166969329128205394978848044420468058665263323709640

18.38583574679580609794306749352155717396988478131609326666033006767258067292265926309218840996346811244678407459974983419519444746

18.24285204137433381266947636074638415535327684460179353680709524285457923719168570247096857096532854528685203171422006582514824810

18.09241153859595246190291458727584276657849769399735844936013457522990968463660215094465823505177223416681216280037957711783086153

17.93369344711831774952866346095511845463841358814706071328801995209801832406393844156582412618849906574101009008253639176737324530

17.76573351659656726170421889524116720966757315193228643173837439883078325712744614689615086022622260731836025222395994760296204769

17.58738852473259682695536207521266727735172038505035216441100031808651368497607077023728677581716125073857028046834806405536522285

17.39728904567294138723712635773669940595119554469110610308841140721220261924828245409183562939147091257024131325527792090273420734

17.19377552921036510059342728770690273725786867716957226662625494106728522873735361390110791259032624318685224973507243252961066634

16.97481007203561918807676549216694715494345185254037573139642755135062373666170329760162463214121489843474443987129306035709779495

16.73785186766533964119255085107697021739179550363182578784622332350994845726311619201784047282210831637415833596057640141353827293

16.47967676751509979364954984880640737186278000555134741536873458672151785057371756948580382018654066794834072508055489933487171342

16.19610786151352711127279726197441540635628493146742664672555915623578000047724691286338623673564634736106329905461300643512718896

15.88159859670008966045555966544986700079165097381006028271890338498432116452395781010292794540812276912296591831691718443517689972

15.52855952295877244041316943415443575230096069874625426180743032047889154146248938022484564408839253570660850576373826753271955425

15.12621254287133113714007320902341117535064360397508956593326061171886110910789324344048316683791323977197141820475117181776854263

14.65850863255141917064523041317669269697951448371610191139010778298156628465446666688999230214601273165845394168476707411443432259

14.10000704735678675541679366984631736941040359060261879627593913152996613535309067902954327518640097090014237271275805143348065531

13.40672207353339002594206096445550391096072705402773976790314864412338066932236427474866361594757788609288734149596649002790717666

12.49208704195899349651122018545091631164258266468736995684358916992278611283299419603272276501537556490258791115962993438260341477

11.14411643919732311931374487180564901823544621307014184294581473570194352383024717279380046064630417617912024588929545840975186194

8.51782270170748392452383508366098206052796181772545533004377730756199174873983570932473270953122878741473599070909289234329491265
