
Number read was : 	2466333440648591478399629180764490256239625718793749618217865935534975817653775950278729029016648410519803138573923598085949821723256621203174750851535803507589726963005088528286662587207154710872673227

25.36233973626273943039812680035313782714550058528978693821363787525586100754806190655529593119495057906243323406450437844122535358

25.34792629104540269262014578460193546412060858430734175288544931761781205677730266041101225082547988759729011098868354459555151751

25.33344048439954742232850349912726852416749467823867897098330748356920018789799785853931496134483954882831528606546049147696367479

25.31888158608876108538578477008645052945494566553925162361093187403386135808740105200593395233998618509047616317228962443911655191

25.30424885476675546278486437359005946908513955805103010787076266904337307518310148059229558750131279373556835645377534308796361656

25.28954153775084853446636116426600452067907568983857921888393385521538699647585719007498981366974398279278131301528234345187969611

25.27475887078964370093216420573526653705453026885410059153553744210340637070067009672803991563886835766717984837531333365206401492

25.25990007782472704901037622758943359492196599693386324120148750401342336226320709352036728458162031120549589962677987202260458517

25.24496437074619687142660172884465528286179463603052850367193365965673868060588190292464295734386420053826493491179332770241011444

25.22995094914183288269795007808908868906927780942386105418567431846005508462115744864489269686429023320098958423740330705470368557

25.21485900003970552355842727338690744942779470168607973949283470079281770123909962747607815428239760725035977662317688034839356083

25.19968769764401839924714081694299280868916748934634187328643415853024871477850793567494579445395925705076787769726810297725470971

25.18443620306396923943519241417653138896453342402276522659790470982226857705328626829345256935159904053259323036996568122453094773

25.16910366403540678447479446158465024824678545459405781397298556362468998644526043833941569978878533746506260310343685117172234377

25.15368921463505267837272994429820831180199398413226995916990731309376387790501604863732164114562686277927036391431246201748261750

25.13819197498704876692679319588792524825482219291554699266238552058183238109599028678411826881813044797545709170654365815597785515

25.12261105096158114243467446915004818027014452211612572752928192442222838050460018087403885738250375864585503988053498908256921390

25.10694553386532282596242730048943277109327634807400378140587434080296362816753349708200490194142381014931693732812226585323972545

25.09119450012342711501621956188903583222512419808432906286484793968238627985437803070528150190166941382164067623528195620049036131

25.07535701095279332820763453416493601723713082606442440760270135562280537090930749935337252380318995039327082887367349675145667723

25.05943211202631592762514600455625439889622624310024837849909435534972311986128435171377858430139296823212012191901254167541489490

25.04341883312781677141429999627306535378573696428523523504815573102707430188547273682269510044528013444548711082468986588039863504

25.02731618779734852013930160068398867255444744600939776769056348492102297697064290317893338636905842591444172668322647205130946646

25.01112317296654495976350557752606098817204565023502538057767184615630772223412005790125784171647797928088433606385600511889812285

24.99483876858368121096540516598385640729018709463619735996586148054018115724413693847719261745598133982068830234048515074428175890

24.97846193722809336754269695805293222560356738378931957963668713470307128771803893748427930449384727245946592171863500255596596698

24.96199162371359315696646333498544950391143241834239721353927586596180500967914465058582447791672733601548067974629831428366296111

24.94542675468049851431513221511890775553205823821624048615696473526147601054557733990824575365517325716578789414783322251808498453

24.92876623817588568347877041822711141225111637303606726504547392152415686635605590737092922632464626691882940944091389140091042973

24.91200896322165239096850437409021917598108626043304268623140549980442421565377573600261017550592955629997680091456254195195916461

24.89515379936996488567348830884231535488959593399807133730009610008969286327402539351954144551549805293678619197062662412307681165

24.87819959624564403641255472853147046982472376044436752245547062655702128927965462498537758381463553715826536364612077056042282813

24.86114518307502729514126598095850434922602465231368181551303843616027914397489431162130717290783576297685671631203685635846527139

24.84398936820082404589125441533498140019668351151581247457350221549217366092385514141676594947838619726729214223196509364463740241

24.82673093858246165707814290255771658738355030668683558284813585493189688957421405312791505479754709436052158157223019872395844185

24.80936865928139839261916108157666151215833307310165568256113086262346052833266906565567178401576076865526656957515939970579596626

24.79190127293085711671527087192695303126912021340342870809318797357848563321253771153610656347773340047077077270768871977079497207

24.77432749918941047076414757722744894879544776526524324070781117189405899480668628568076576747603380143582818755544691751818835089

24.75664603417782375611859344164613072659670473936125989141420527421409158285236740110900247746241609849517411764885786979767006619

24.73885554989853614467887628517560628365351086853250169782236673103593206919180352302646966682108386572178517586591235298930299626

24.72095469363713393007674576603077788416282164552191512548198683122236954336693219130786959308621833772320450407673741153813625262

24.70294208734514129755196768656598627870263126736189131551234193002275070225503799492469698513120454654073327416543921173621349680

24.68481632700342442389627053378935232180298075854466386572867362799358662437370705028532627326132123947723019868497462883625697326

24.66657598196547355258338265205137874611530528552535786137962028280684013217483142474275642547643141501760722600863524488581073039

24.64821959427979495491878121785457978543277861239260121441095092008390764959201017367398370958087771074972493267753024732268145345

24.62974567799061024684910912660178892775970218173042769234356720573401156956723715296635767486358930338685053087832142884510834264

24.61115271841602433857382684197613193771480113634514664396585781298072710363144244677318988220993430802263041472445995436744753695

24.59243917140278521458205917846532678822252651590617325207428523919733895401699262562318545837597633687602383775885065853375104120

24.57360346255671867282405863768431983184043041650852017846152208583301286072177324821622324487792773565748482093843701985229650307

24.55464398644787898306746128125801454177013383018910717088631181332319106560964754329066160613133094588737996586505489071454070540

24.53555910578941200835732600503872102402008209632259119600802800698218759319684596416012877745516835847562463494207790970487699137

24.51634715058908057251519703588558810358499965144756570524937689828523154763372403083628489583342068655319629601770020512042176356

24.49700641727235258052879130994755335384875264368889788330159516255873573106504454157879895899263881307615421738046443598590417727

24.47753516777590044043863367612755210281264818549557210818380990243282636547390218124073324835941558975031999567098900468204194786

24.45793162861030559949366946287924164206572560524354789933939920798774094233820340360381789608584270752748022045907553819413823315

24.43819398989070422308087222030424488167128710980821799738187585404683830769110353675004191494710557985897485178680432976781349876

24.41832040433404911760275219036314358406781875036783035813553872782319157595169925601880566866432296180371366072524623076962487056

24.39830898622159867611804978337507563442576593249187020786438465979519476421267015750363840382740720793410971811179544436142856535

24.37815781032517569642671014637602839005455295221562247473095866100201327560515613982277571489043574206297781180732343894229201452

24.35786491079566718569907167635994605752432560075756665987533384669774363317792748066534476665614311769322859135999030606824767219

24.33742828001216047527929102381093041190988164901833447136342383812103357332638433638263622093878220266004597152283544291824049976

24.31684586739003081339595444758150354568824433165546626191483066120353720886268968143264978218920998347231590918289631530837951660

24.29611557814621089913627409050190898570266436603819015784786003153907889840055626146317973249686290516525320187959625772153333725

24.27523527201978314754873957313945089610398521665130001084055051419495579658445672984860709679654851434586033313666953045067860903

24.25420276194594062122860879379143110762280358777648704233615931713908957681680268078691785860849746323039112964966251186995266990

24.23301581268126214118652943124244302873415597843654087746863245650696090143322107194190754628138185908706901490548632806446208793

24.21167213937814064700483048349904670765210955140803443202806431327982836146288462691299546444984911121716678775930927885286458898

24.19016940610609122044592722285467618788254145602672540827373638702659513629643952039691540593848541659625072591075162890286822917

24.16850522431754561353104765661207355320534989112006862571341377201202536592291489159204821534631928713335640870984308671136597819

24.14667715125561344674042834397578649236566081827316860300389341957522865441333212985436560434593581204314541080672577007783127746

24.12468268830115573858512175299589555813803474907769784246230410068268252985280082610619122658318559098667064470281142098081059063

24.10251927925637372506564576671141915605577848503163299729059791820206134041685547339913545271396420503103560661056678276315004104

24.08018430856196436307162759999103664916185623447093933608262149888152366446085599617896967217931061605259357880083049484535933125

24.05767509944473286206979141449712303572441918701585273152804839534257915255349944589989058918012184745478546049116842189154195220

24.03498891199238147339575718315588081918105420855204765670441836040361109761056450353991972822894284067565340204275756032443342075

24.01212294115201174019847818729520548623303428469704656255334643784627173502141916972874146422196121618559536715027734308377534860

23.98907431464868375900339504026107022634428763418407680484100045551168076453997545503640154160501006651183528951598172286936163704

23.96584009082016994576119954483466826614852622379378117179257172209526670606485810028286032370516464642587596158600124183018976412

23.94241725636382124047443772557737437570109673379100585939705816390082829954466785591537223903690647790945050334031031747481364569

23.91880272399122985372733355386499556269877040638739403706873915031599544424037628164314230776399942248092418218767938888171592520

23.89499332998612336156328025841275532417390749187157770153760400086294272605194122184472618162493718024115822345554776991458128489

23.87098583166065900596868842512193347438006327233655377923549536101617276396868563982688269252883956114487460029506297942675802122

23.84677690470500335164217896292637695848281321635470793450824404104540319486779193523735335548943060993038391169023129397341823253

23.82236314042477946682335470880874882611932303597789910255809679108551264022253082912508649238353555594665480625719004826259685873

23.79774104286064015896112728224896703739191473175781318600963332069870295102194207973043683783238513689167291705488270154559294655

23.77290702578387986153325044646274661749048128495969418333445345453896035313088247114962438914616251688896146002053569747256679123

23.74785740956162781383728664346568594240065395533628835703733568811674043430510506805930579256175984966581001722664580284748082325

23.72258841788476932114616165142798615475063470326959798357765698827408455268590398183932264907706125381315826703204485637779466558

23.69709617435131796857557983366227557250986713443427154238767013656420191604770652816387519861896763391656318185087980700749452401

23.67137669889750762918851135589669519681244204836780799936622087292438802136526796269138356671065532492463338190875737697313650474

23.64542590406838633320416105610780215982298018076136473525293744665818547624287817981328982076204433984988503631597984775621381515

23.61923959111917193248906144879418386666201281045327552391522137162396526548610737508287000344078844974939947927581853277151248681

23.59281344593806916958870665564704306572899791839049910056219511060374804030617585945308042261562517097976062236048421875474104827

23.56614303478064594028112550576506729792312256047301969619523462351161405988656589909717537151699682874034421760049631715934091049

23.53922379980521982949290599075238266938338231061074513038971159236161648140161600366419628434152793212689177754064338230413308333

23.51205105439801054201058309900299598510835232375884300518133844047550489992691939698371493894044413991398613986690437983281198104

23.48461997827606552401493390677237738095819143354682241551579318194385673807805876153708785595720106371164007333186408871100430618

23.45692561235516024785785851348021638060653722117251793790255985264274286405329380830839965108066176693390297870876541669684319261

23.42896285336900635508904061283986263558274902983140888809327040381907947852266396365263548625722181736575332704210012981308260246

23.40072644822516458259866315469985631613205602617091689297922316401558626323888705262982861161284828547684784432908532715820149499

23.37221098808204909837758823606432632772102543569973469154699675228792647704840958407393661158212773012130603102597828134300267586

23.34341090213031889111252763032477637886342387650412316475926449836696825551139836086747613210566625175126266530229583949676214271

23.31432045106077289376811862811776626051530929969345214994928849668358117135279695589821354195121449568784844695361719481313114840

23.28493372019959045942240552017604370284723620837137840480296638523641670912021347431271017349096575314483235938334240347874190657

23.25524461229037880676728037737558625272653801924667939501207854716496413707149029943893519714464896497441120990578380987962515867

23.22524683990099424543960075551688975350393717687416689051211299379731211158861841575118466368497321794368707507408566964724207960

23.19493391743148355100747891805927128990652053833070566152957817228595306684873447510107513853415294550230553243612713739231201347

23.16429915269773377220674477512158315870281827562439426347956267501826333146476989764498892642820540742281066413125295321847224805

23.13333563806350971423078624562746368189759542053892759038438166614553793755722833766511002026365268046329265138414739125425671392

23.10203624109148362050579698625831005473395126336718220027927045012003541406341778643869194936135087539036534280364244741537282402

23.07039359468160481445184340084874203120723558572106022943552444670082334762838360221363443548899178643798082663701743656342838094

23.03840008666270010379874805041234412434197241063784777415590303989789573854789354621785298230646902948909162093263700906198757577

23.00604784880051839556039830214141704164747385444278325925494734422341580002145010012977747529065367931112397584086324767702843348

22.97332874518251264681852481991859113239980127552211171980682617251031292126321118453228544651161373165335626587589326433394350825

22.94023435993646405072117147971667184624958324019648685749288523174524329955310906553185165338963307521443819472301494516275226384

22.90675598423656907209415689880057478283836930360322722678642206687687258374431582779115965022226773590553538204749816786569358851

22.87288460254679853200553256677023638772936740261040342427008416532041355768961263771231970749207294355654819349137746892359184400

22.83861087804716410115433196697144767194777861118706976857554800079643408878943756225288155882646301620966304523602506191840733066

22.80392513718395254717682414957538942194429541953327829213933413186089930032638555129784616827512463398166944829696878634346464777

22.76881735327996738657344294022628196407754195068303709508952961738107901177468458005516073052587269739488072893328442995951169820

22.73327712913530238353984189702585321554028339434434837602500720605001203678938320419621668673659988786453428093472589570013334978

22.69729367854310558421283982569241916447311037263178265936497034409211473125928556023897525891946162754400656777851545770482817981

22.66085580663811410962235218369905920746957626494270026527385525885590088073168485529582886346750755568408683870432615941238972594

22.62395188898837795395055002346002889426061911542784954448583290442261336900197145652950836302736037450395379245624140087056785727

22.58656984933246590448042165224979370724682483872166993468976586897950150872140815527401843642711835582969067273383907776508827639

22.54869713585546833849009757772371111875637474538528026214157215103078201728783918163918275583041159149001959704321605172824536097

22.51032069588717777639564777893418306854740831602592126140409542820343815401470728475195406301622276652805696657420432423204002830

22.47142694889482280837062332164206192780950102409533470303971220496307167427991263911885904186446567043627245707062699400460156635

22.43200175763052261184005494825604441936653356292162106058972840265793146796596864474621805942299497066207999974884625353153895434

22.39203039728006768030013881143047284958408761514777245081409487821236345057881372682889458043717175292012254811907442903973315081

22.35149752244454639395086679915132691366992514573507659233359592550201850671820241984189648705469011170077649029463530888899023944

22.31038713176953140560173083347442769890710359712918282533640878769565824065702919634174605784852517464459008755068560378855703522

22.26868253001779041206282651947530242207912829111317014639293085085484716286100463961752359415331673577805816215660695422537142219

22.22636628736053650733726198598353394868313702336591505370695899054423435965437495881779725207222455593124726443999517238909520236

22.18342019563878879355691186689558090395313528730190719904620920779841207772475336529463339510931896711985804711162398095499118353

22.13982522132013532143918125034958014046429733094102758979755454172784442518962348162572450879722853678856666581259931698406935075

22.09556145484668603609660311591455377624448372750033430611367769040900392607055718019866249813071472534347883623865487071986941722

22.05060805603682095159708728029725661684421874716042587067882967771896598917532356649969390405771343458227834599376326478156394485

22.00494319516595430101007398615274652699523260900185553983463793479958774401685258323200195696563117381170200327969182896019924491

21.95854398930934054126182427724134774041271110398743984465656367014652576350596607844513768541326888218741305809582931706114119763

21.91138643348223503647511117312043788651322058203315873969248190504548229438060855312349400879509252429509745970470138440392773870

21.86344532605866586926110520814999537803427365485228000523137077281660491212374307298351770029573393129228750256533634603232950417

21.81469418788870837377002858901265230682242906722955563482818084520636645168142865521981937558201687679530342575626113189388130440

21.76510517446435020923855051841309091424971888326579819578364805985927172431531935460781090636275853522833605637570205620666139672

21.71464898040446334217233791839361477494382052399529507223365850925705419651665472380808379132307545626689552966564807187688651340

21.66329473543849533488028964327040534333724495923771766612108270927650709236479207405453700302748945017824314522342395471063507671

21.61100989096440706977938977040103437097349118495025319420502555543391764681212769484304076570800869840936580005994600227676830192

21.55776009613692733888849095508482276780017950686711227953423915226265601714736750686749180583086347982847344251773539043539187077

21.50350906230476486640885734617233441466114221247853614265061460693094905043341156450296839562321796701506016883219982358990345745

21.44821841445691454998155885352175534533860886702272217842066791301439453274276063966944344559513764627059548755088572084568726996

21.39184752815491012354321882023659822821683374343028075598279766877929672916284608593341278936010721440038606358039981271942623608

21.33435335021536489197416197385417603522382238552468057886821275200540079382327149202379362345206429418300942628291078210963066853

21.27569020116005545822686457839163523279116687413291520288822664802248073203699647254293044158352798451834913769495739653190120213

21.21580955716268026407370679301970212256276661379104326977544065895749165039867518470929663450279607278090767995813490697204607723

21.15465980888443499454036671363337233218444097030172463673376720526051302103305396853655028164405430422026892028220479280438609668

21.09218599419516401841842356463083097399922600538942060492176983811507354081467838964620982088577986689005915661644326963040733382

21.02832950131143532829788666783467869896085089636026526624727149270994108678634327182678308697583062337443893710248891693403584339

20.96302773833317571419368521682282419859458969859019408636942465601258402294553205460063445020303245428610150474881834136009441599

20.89621376450891649214707993140337230246468473410167044474251176879134283881463748866752607292135995045977417839028755246795287418

20.82781587778449281599900255338154966322822908849906238779141212969906816286886330141414816229677572200189277525236521625604885035

20.75775715226418332928585049953489365215142272206808139022940072353472039816676260998140248494834124485609708243659342165497443250

20.68595491810301374385205836815157976343091510666872838122982817487848661808338081294100269129692010180035106386610911338993593546

20.61232017501189944527925845842782528362800768822670489488458158767653743331021756651819393693805234119624261467887091934437814118

20.53675692893998499178896492283225336155122121258471334914844538464359182521914579121316819018633935042426262758562958553786300579

20.45916143953307536813029544312798137104837031103809007782391927518722954719595901983930491361419879461479902267968482266017971900

20.37942136356679710096679460167903657799258825710364986103698694119631875844647349561155489359898274549830221838446193412233260614

20.29741477660678244957671639381089940920151397268311022861649471078510171622510872520801364473865486553711722805022804053850984096

20.21300905151186091754102535055424832086387493162345511428025813602895451975453384129145508036655843236646229359609419262290839984

20.12605956788269894269771196332135143202998034272300842866969145486557492461027673115877297141194695965686738851160880662612434253

20.03640822092204335929314152204554225609024609808478969079353253666559194185122089832127664475466550426445404605545452019634754552

19.94388169108938533404774551197128333667362606311820942859056714802836342688960028531650251435046349858610830165214363698621900110

19.84828942697060660096658624629760024790175566614583493401389945476555958599556165376006541498928220519150420344693823802254716577

19.74942128236199707726270879256441630935959595872693141787239834206108064660953458721703110482557317552429147838723071545401848575

19.64704473390191467877662859190672458503566867900936072010013455973300404489355316551034307439074519964713843607780138184416147452

19.54090158659675930221568094614378855801899286593940153815663150733125514653285561736445655486486904501611680070821027738225066007

19.43070404979401300343663052856260099226892527770215981740601311382110652128497651435101751251860367240373103631251146843035036037

19.31613003347578316831925241949659785968182316440230040563325131511680533896892889633431399686677581185053360108662600517890978453

19.19681747124289307537556709004839753163473885119295226168737126967374134197450543545710182555952153779434647734392992427106556345

19.07235741782373919657008736891772813392837474527843137102652792141254455542541358651737748684441473437351068552176776429913435869

18.94228558926503060195250251954660133548415137091547693862214273988662795996154093363505037743325235378841041003266324652125059373

18.80607190414483166362296573704406341505955495340275456024150491894543559205934579673607445536865500431128198717690633621901584774

18.66310743072583286172468728489732773970315649346059614199568720394172075019569454732673324042346954267924439641649523314300393611

18.51268792743583663596418406128474676120710009884627886460302992197009004434776026615554712604836612680545768671284487885800289416

18.35399285061525122732521662494669725667719071079169968880432714265451405410423264126344722621670859640041782552512017339040666855

18.18605824373507805052118077621901916648048521967584682126311703090380720411526995704111018219475647628734948557923409826393425502

18.00774123466223700647374492605701818588072885878283681762984587672281732010145035976070775405349229289580488659273620646068746978

17.81767281648859929460075348971587731292234963929711450397125600160280897492905645996706200556971881077876755695836260519488182773

17.61419394143682245462767774406886949232982744876269731192982739510580036715678858237419552183211808005040485086659046920719862477

17.39526730845262319378661902831545040558224245209526046578909306754967639457358750533635479839157016766077151520157992839750424079

17.15835282863110765553754609834593648175149807892355120716350689489511443258418625773135001339516787627510957405350434224759081637

16.90022719378033484436172472915236202953939243115612216086976468347287369224703172547867614149336700157627074873510410712714094199

16.61671443740475865402142945454765208334523443128669130156273514042336602677782833742370220996019866791503822439254617927286812760

16.30226895614086571521139532842760761710036145631333718794581165251026660543398213135420533958353628549125586476404170603513710068

15.94930194430636728097410148592606132629884023567402539044265785672085328312207837538356249086451494385510992408614550354968557677

15.54703472802840923349448078648474991158136185617712591727605333113150536885422334230622619646209793184136393415189248059298738107

15.07941375004651887197596883384779440028270982165757323495355391273516650142643772924368185873409956903669063475941941838630380643

14.52098094858757109920802771157803278232495177412456130645066161514699299557317783975956242103331320535108479523031922167033320025

13.82768775459679460693052527427194270141409859509942809168390755205197650019692250885531077858511026078893433755112930551061712481

12.91270564354338781665074462936232769443779694768703244580568792504211032885364413243952356208871545774684401896750156561360959003

11.56249338720393325122446397991909959069486731028452106450219303017465548720997797043380133667664774015327511082701131398677470225

8.90689323988259020979448134555906295470219457871280058647314987278182635019519655335205587050515741755633014778959931547505933624
