
Number read was : 	1797257010077307756893279559036349657914901854486115191762281412264109598596004486436893059902175778764382922319553686904520929247698085811187

23.82785920324013234891784667888068953218161943312446010446659202104855347063903623083324426076579254763384452736061407236128765478

23.80726886662237619828597248434981295512846423517425539398510916626676566470305586492403982765680218365947755403491693778620143376

23.78653053888578814137185418103294899464158350255336539745669580104491237698593967238060541658552237853582508105093306246566471963

23.76564207726976810259823395748040377759630386361515254701710566899301848072629230248919617182103303577367308499618950113996817905

23.74460129213652980950583037818105662448427781862727432458305157281002745158484568543316894767476424623060072058734375631726886516

23.72340594559366950237106987252040746558427281272236135224281978326256685547256595486792525783148863547444008868839654120873083731

23.70205375006576710498157790295510475267185659279069251541419102869819589731760964655766301214486267906668185913751914003506497979

23.68054236681273989367311381519238112759256194651601543737037390851954255954990670322748393285340327244784648014260781209590353714

23.65886940439254881750302516734049303187039968799211940419263190354434959562524921534243963596005160505669006430392291625825125377

23.63703241706573047938343630067055409764436278330847103388382944752530346619003240065723980026917522242538694570470014177289391153

23.61502890313909288789692791528765675247527681289758042911077676208389406132643041290749546372797331659735136617311922359218717694

23.59285630324576989585431943521681450516762263440470306075323814956598727204504610576236007232899839386148846845785529391921116566

23.57051199855867717636365457029917499376381510372081817625881773972546772955915189238578799671213169585216601313859850862186806300

23.54799330893425102707899152546098175102651285424864981036904851767969149762460339855261317767712664654765530152489770979756614228

23.52529749098317956618244560632520143070597705351788946706619287396775882514127473855594185220964059217709408871925479521371836482

23.50242173606465326402084308583963982482390635871733989392501839883507940686544988133476447130163053205256801738572689065386593895

23.47936316820046745868380189353791057570415348172985448844901571587732442142506836189267381028529738370118650847507092852239876563

23.45611884190510268556566665315509270902660219812927387309622883194123847530870950579966752198531156373621483943754606411004642363

23.43268573992768839473076013984432518209585836650916711237698314653495988866558085217070327383379927987296464619205125966845411585

23.40906077090152094537616910889909962129580287367439863875810241149104744246005509288063135017460705392654677148553845520392679317

23.38524076689655658177283013967476943405496155564816409634078114429865086491616300085881427313116969347356222355094206320587581434

23.36122248087003324842855861731429805204656276455971079744249368889727603678759257251944587296748829658231599880123501114896928417

23.33700258401009033591538676042805127224393805863882651663001991681547055100270886712847504012630049667594263717072766004510386413

23.31257766296695138875961996725994267388824199059971394833222757902006913393665667571482371485357309071428775193659040360276017971

23.28794421696591001045094562350467197091908320343702808929145269404621287989360715852755554748165394567811497781545660819815532467

23.26309865479601194810896193408828071771299962282960752875641490606674640569412004703093746355684044272122040898017317738811796699

23.23803729166795509379355886600189359497179821607326539437248374574243349889973364897845395337101668291222344685693699379642385233

23.21275634593433169975811352256025754370489292666280625870371065723415821661583603583788070971704892178993131328243499378768020805

23.18725193566491171734302017775421526796737487228809258190291187342461139210063872308366781071705134098636165581212607185957475265

23.16152007506921030533743806206198117237643562611847490293819970977641649668702840934813711463197872460066900814526821815989821006

23.13555667075809397524573873913525762226901238949761947915192377428249351481618550441185943566095618011418987002943645196704139281

23.10935751783565567355721259179721761297589740351422501113343908212603414145635515480584624071557237395426370138738591834138059862

23.08291829581202658350729400698628541623917741397045114083913069719410859980838993585645793240562555308887454732540595464356156184

23.05623456432718824519294813807757141191847213013743062853556135820021909355196847633283543505791219839433768889039305360336926618

23.02930175867519930157062458107849812014883258740609364818791432101392832058743444140331160149611164047367341855916322509703043339

23.00211518511755296032600120476099561925239095865241439643028146884288769742294716252484124710547479416895340961253101837114854150

22.97467001597362985617785310827577999547556282328402490376642420938187135346284059355308064092460981971545790071415164426086301990

22.94696128447540193457623342764209282086521561830323726418083320428497277016138598380410770076285596426764625090411865409371530495

22.91898387937267107281948977649687607022741877244783936289826262846261817606942890882032428937835105723703761424700135965738850070

22.89073253927418600878299112736311064204041841600479545989614733123762473948401338665332921872737366712177176434735694860587995431

22.86220184670896658299923277027322721639854296934124025461471430768758210623037325444253182114822959284058931540201833507044106944

22.83338622189106869912719246977868654117059186423261835496347343240354505357080549895930468678000074266373432967521600377014550434

22.80427991616983936207498716714114118512114793612399695344067067794190618312507994408440923989394627463479280874711927971763856124

22.77487700514643057226642151161764745609782827440919351661530041090183372754740872959677881742985964906740500339660641348075466785

22.74517138143595482121600738365914562257062500534551831119133156834483229636500599778264947213830785426077834196321638480667587015

22.71515674705316349507304718738216543461157633529640465161563695522461162183942096565164369828892690676765775597475594003294249593

22.68482660539790181890252663400054166268730342555024004934807428250474196358517504262242139490260663025467884680855597590504964198

22.65417425281482793948432352277394594209347707549574949884892066873437094360313185681246055268918501597215319940702414281444720042

22.62319276969996598980090956357638686019187875224224951589527600172822954919389309478250876931745027173569334582067453838763150672

22.59187501112457869345561903276196960831535988086625744162539807884624343962571201525921949258293341683082046858435515081213905970

22.56021359694457776595221476446356970453586840574008370908345058180426207992836638334398007312332529808618595321573101676535500712

22.52820090136122183696018873216868600143118378932330628940560440160639274303713175609629795883901923420052986867765868656758384269

22.49582904189616148335208837432101408795437056420759980009508376235124336651954741752104710337963589985717230390112559360905714503

22.46308986774095656973815456064576607936081970467533907996683220661618623390829458244838384025376697173031131926169632258726475911

22.42997494743798732388041878649803309653606093561555518064772479610366286958342391509018848383672867897375192604324341918711958856

22.39647555584617910777835217690473710088427397874998443315304445998131768289000422743149727295024122078816848314309437512512703505

22.36258266034113036545499677848118448447027427436686928372554754245406265063498461943810174437628019403341107015950145778731707943

22.32828690619503843849334000820014294879607623063682750621219630890804423259201423411218672075801712625663242072144515266658511605

22.29357860107721939584454039668682318226253539423952959513145733031717897024184198461859036246949037925962456558774822266917610541

22.25844769861097152439931171424566236752718018803478690699788848137684758579750404609149152436867758744226339636789067906762079164

22.22288378091698796113114471175284875220913735360684935618847612610996924344315413939995887179956648281150774581796049318556154219

22.18687604006742612354830085201986694460419227683426148770505632901450413244779466538596463527939811679043599502937299711712157532

22.15041325836802730643776208455730274365226247815416443670278371664632087879634466897805852329551869965026061310967308858190464593

22.11348378737827781617366696799874892156514703588245688227023577975029817322571878426265531229404884174383243601381125451296186525

22.07607552557143325320859047841457607620402146821577773616295621310141272719191139276022729554137791133399140439499722059135321543

22.03817589452719917004421166676326523684672660719288517046992380470746651303589555324291370706384443496837013276395744021576533090

21.99977181353987130504473392363200260943247527368199310164434693515524858750596015655167852875766237297055855095455954555407864214

21.96084967251367053206757965663324148510609410038597329691059597595778952994575085344638726153565150668965671816897696036820036310

21.92139530300472835802612437839590085554625575163299915709884255081768350052181172318413475099383861469961406654776627843978610733

21.88139394725553760807559751853560501344013841658127336969005773905299778551660497599595134572534855875296106269174490018892003302

21.84083022505250706856874983505046451244529448626634444899066476423954802867614200203481652285037392402864660452790495238385272796

21.79968809822035164126129612379072447693877467846231952033556337098279354362318666205379762312266011026464597754255340584308832558

21.75795083254818537691409071959044679188746975744623200891379239318369345688216427953428162723261459707224744713062405949978066386

21.71560095692110502855745867036362176995680176270161176841141287587292941447576840928265146698912684858174112112260671263889060927

21.67262021940745956827082677870165950762362016721537351967216468212238508620607308834981908680680161553433232118126579687887205258

21.62898954002555418897115319325964117278940512731674036686954530263194080656737031289811749487258693624182586944855416127332301004

21.58468895988384122525335247323567532630195807916732271354188524775542205971688370778412930948998175096676427149548006075101253243

21.53969758635524919805767646866640759871160577917076716880317906986184346098820918624857359327167223285814951149319176126564322547

21.49399353390866610085635730506548488837289472799928921774426299527561752908595831608795632372784082775088268527353531196232682162

21.44755386017811107345744163183082022184545023522595832317504018048139814921399021646235373893976189254139122700799847939303752111

21.40035449680208570286100762281287079153312256094791356251061515039511293288702973409356853191580017463130436058573438775503881197

21.35237017451115972354787291294664976875211345682893653686114597775066922974590001334014120528048901259428046739469002907125908176

21.30357434188004274379929512751209617392558470065623527979509511185898351199784547609855653655439151457008575237947518280781587000

21.25393907709008257076080841913218567124481309603883997957578010199220355094873136498077036700960579437834210767750804634160116628

21.20343499196797124124401089213092993073173203700742143402728833079773411423382577150277341596687317311870933063592382862391288494

21.15203112747485227296522321166306359726236206862343740226050186287137747956869219534850363089908043166181154161737919133173587292

21.09969483971514069922548167114269691772539469299541063283741856152362006871836232375393332293512497603651869606720736314452966467

21.04639167541397999022688255671517258325651710175432118595215559894559057098729529384003140777383332054709581027891052938319038047

20.99208523567373925950738911517986980012294493504972923982907504690078199001901397605041040396147291842860605355004012428655781899

20.93673702666016881351647600953429145501880173241620761617532203774523623525456679738507022387226592159713297545301249154564728418

20.88030629568403720912774769630972340312289634462342584404738189520812737558605400621816632243866504827027744663449863943211008130

20.82274985092977676944275945131498400947035672706806254567313047279394937803826122787661744091833089929584764359455728858972254909

20.76402186283346056423280111922638196889841823206483940221428414385153360294634844381340099786800982579827845550327320628867736941

20.70407364482179146131404591106030972603862759019153846341841268835677040122606273210066562725167998604450220687536273782129462537

20.64285341078378636602650062982210042561516576586932563594498698212809568673252918758866366129048359909359236461552065999847066698

20.58030600624785212946033776173505518576782283865624145693368623001476590175043035623681077435168915546364833538796993667640342881

20.51637260976720407517020802860593649085196790150857338618504659630148727494514867985678914298144279502024851149611934857538425171

20.45099040046163499780195954618105770965532121596795563720773047266222541062514443573194697886425880508614578726045433051810061689

20.38409218700571366095208667992884057723333824722205616102216504704369689906080254065153016114046983234793796054768617826815239952

20.31560599257056390050641326089332963828079520925695852365739108585970888360505837072199258199255001574557051419011354177742584475

20.24545458929107937375774945488272271340142251014370057829079379608721673045188217839855540234670141426410460165239994124418055721

20.17355497470857068122407546220679842716299024591646383795531260357974934906855279215962144080557863091554083330205064902860510297

20.09981778128748178550003144088749988938508675019374891838365754588822992144494667858734306853935619948174014666510293419062277030

20.02414660846974165667965758369037665318572929803491156119465718974541047376460705759411075494128341528364004044818844414074890719

19.94643726474271319804100333932411543865914460836624437608479744143775923311612905960042890156888502891256687558023102042413570127

19.86657690476867747288939065657002771689233886802401162835495009968047493527590015528166327306930484829486867371135446716282351786

19.78444304364241871833363972110589853676202427114573486826210760742967131008583027918736726354869563093684629092444861169328490079

19.69990242666270544141420978519448587544498742714944205814571598896480507123527241080568748026127725584396430979419092138761683891

19.61280972843311559066875470500159450739357709622162545191444155291611386440422140444580969631459647821802930420753062893889052933

19.52300604939829280293013801798957212357867356400062405813379996250640122356409024477245140499422445429384100139119042620461446139

19.43031717074368613144983810688062102584026005718813175383949394447688557301945244543757412294100071513457403856528808309887133214

19.33455151950090541801494884493627718290581220049959885151398350104802475815912039417128081628936371304870884511100441221971695589

19.23549778411682433159342808187512789180212471275283055835088800108325450006706697930842546264301251003125399473710318452704736578

19.13292210586217257563095830610783535977168319537040148001485810025681181672423002718613720230773169509781680571173553351337313748

19.02656475217881480615251972235076566598465511570326188232150565331296770852665370605803149769662659081173961361653639524923113585

18.91613615287839465621781571674312876703668373748104710588643697804989919059781260231920532659594891336779936856661956766633547813

18.80131214688841861956174791183410145862205401322251078785547656957933251857905203648389908018021678111776973925339427052202566140

18.68172824299470779751695287575841754271187356298564059348399460295533508243554373022217353155050123145057292082256744490900135591

18.55697263845101780471961646158146625723779848680381869641958250647076890697787106183086691383274483067524993881105065888835380662

18.42657765816930455541637320339002541806057899278610461551501605356999638698014810076059113256181938999008738061770939746281338270

18.29000916525485657024476128207606120179745727521649701809789724861337017471612790935025304683619307771371953672167714370933643108

18.14665333710723893402832725382699802622607331079133418862067398520314517180342339941216533405451858389831199989389954415913597769

17.99579997913165711512007363300466955865448645093597464564467145543846320926860441884906131531492558495890158618031710133038512441

17.83662122761308874962227955297302050875166055019387906172311919350027892418195452109183687268325102308535898571068528598929813655

17.66814402266339291979169334840996428019522835833990251275175530521120109190187011594084756263850532037932201233790542979919384997

17.48921402725531051972694885619138233464848020685786054336867631521235517309695259173936850306674643314223449375108657055748316631

17.29844758925155470462026356103485534907894468320842246130476965716731871542641540854267446336650982630193493194648499708585830875

17.09416665048672354617210056978815545677793027633874490452421316366020349360665059900544589584024171662736728378089093896572302683

16.87430877727582681423592883424989645755271284944254501544700352486425929540014504961964296996207471412294095380081444376545773628

16.63629994585045391397606822668031393427890744546411802411726951982183757298777396506904045411603156175738853519691868351735045480

16.37686988831518351559925687147961412147874743617769323206071094326769637164928246227130973694303752727398993633754894355184219459

16.09177574276473969677312635736381306544487851314155891907091293487276992574466945112606909531827030448121359999461031740151862785

15.77537324241331358708438239037429916944816985500477376909492716873971678209417475408937720900111877437319441287785191233218150422

15.41992175822625544872703112714248198194506740201074725150817724668884163165523342546963175390250742045292267082263509915033207607

15.01439627246845857177389952651569686465439225385514326914126450016887948795940128819031688205650169614674361936323816026196594882

14.54231529320474669645910493856279515013510931346641311453385480702580184260007898961108575322227325821168974552515863557705848891

13.97740626001402152848010216695911148690319157869677094565344008430432706218465652302337296649271274747823883185530709347005950340

13.27385636058432700925152673896568084305860748547110485198297906467559818606215799780397847442619861703025308040726105156428276703

12.34017305316272033198505364672643707855168986836935327709719019256865164494321889820609957043907665668171169196590748509962285617

10.94518322712786453803556361809164145280803918818255790042031261833064493335404656295021645746707732974236425737047050739392547188

8.04366025054142446882548453679826454600627215374663454208688659152503662675766122245171242542972763478999740608909068808987331813
