
Number read was : 	153824287528788577728416865895736230006904697298531874298769615340891615259745444779963142791869136799

22.38468776970882285240836268780927626562926407875860165325831986877714261533579947953325325000303543581630670052445308884327109233

22.35587021552101451221923562611176846568844874219627497491660775038485038297446237037492369403390160499770450956626629203546401894

22.32676194132197469914261333421436311687234206236753678030864649249259785618393101176641423651809834073584232347987882150927989989

22.29735702151161202654157543980594611634233391122900104496229261888758422773538406125796853551127846857510506004081034005474360076

22.26764934745408967768131000297872216547396246246330511469316835702555539584544628075316054675162130207777006955700326974747967464

22.23763261986090596146085220935857340689272558860175737010499666060174360037777464874807002706612072352699010696870219926492892436

22.20730034077358675779493109746254173884125187448568488200698566661740845336225029398780629526101964132671094087017536521549993954

22.17664580512046514459712451783779011200151603587721714930322429813421505065760098271525909274453102510729031459877770035278101802

22.14566209182010468386489616889932026306477944257565067960987663063633786996160059396395047997272768415037907266897406178189053635

22.11434205440183738455477380174015050271075269787904224947512562523936267391450646819783556947402010936752540895021682240610180569

22.08267831111161879386409367118840304352192162491636204839958284694318189381782021048024201058667678986876997312347287988984247920

22.05066323446893270858915035225723427594443412719166373976227138929319871376560776240859248641003708652541447515007104990423377992

22.01828894023778630458125437810451189692515207638374430782628796084855964373630580466136536333831912800237469251760106584472365852

21.98554727577190040672774608670939190001992069315654521822664961386540584878929276301647653915395108934262498900372362430823979365

21.95242980769099391618248715422662905486703431874890794583590307389523429499566407468960433505559932921064638949643972912679780265

21.91892780884155789555677094274487286574168077592617272144046360005629668116480882101970542707207227852522132919977133625337723234

21.88503224449168199526114149924682299516661840465516736840039874628556058226869054467240830695105142041796328633065058108135772576

21.85073375770529854995438908906524878641299276735403236789664883832414035445200328474508135555491699132077094298024384074236925620

21.81602265383660830834794419403038206908891956106542292122947282660187823587141086821294854053247251100896820938700149739697738790

21.78088888408040210015342284688265488084364323019107149151823163086134809439471189788686592011985932211918250369646015042520173660

21.74532202800844504895401294140893288720712935697993671565339660775538236316257088595748796796725935695232933693705617921422097710

21.70931127501598825825120653541363323319477979314453518820494099238082655262990617730523102485927570120756959667996914063801828005

21.67284540459575420768192730148469997984586442006958231682868190724089065784730581724225838988738175269924134032698917811208292329

21.63591276534933529217797812716640147049762417542363629216673258685295993865681982145248656807352394326851072683360985918935509122

21.59850125263776976634994511243217066061906458202703759134395731211185915426165194515057459447015388040969794288971231078492182761

21.56059828476402478917057702092089001970865744683203534412301636409168748441127285374383614216083765704892135148020290114108562744

21.52219077757011965966309874896035141894630275142653236049654410054159919811122246787205470082869452214000178146251226734626624179

21.48326511732054638664743695604083905663737732290327791820891124602316427061177424174370956396711824136599768073221982926866578687

21.44380713173135708621956931222516466288973342712193068206525476326345714297943871349207175654211794368736397549499453891953409987

21.40380205899063667467923289532322259496223469703148595371513975122386709544357266566945831762133959376345351268871898882122861208

21.36323451460089272563156957765916647774155609601339275612910234129423282768617320833930784068617611352370215118616017143853755829

21.32208845585697475002274757808363219934327213455604104962032253918982162472433222343922259627854066510940831643398195234410412533

21.28034714375425712362287846265499709185691618449201548415232448012166266735858904366191763460120272816135758206552460680547803313

21.23799310210072444335799019873034396798408915388100182399635113227436629424982890477109398426553186115395658303817570527226443518

21.19500807358298795725512101163296005821377575516198158220113701004663816646126717235553383423674510445006099806908483233778221534

21.15137297250979454349231309903896710370950435219673516169891224841774845939949390280588903365073524415938837517407044006170175600

21.10706783392687046217031273038736914474637554138380261800137032959380657933019734776240598603473808774495427945013748358205420605

21.06207175876351442065862042867121688150408409114997710754736047919016781684163712025599298128094685241490192278817366062423422778

21.01636285463368925999870567891412292015398129467781896231198603137095854646307395501639504126337484901478498010157477152599721884

20.96991817187184494767185817012226247579266676168896971451925443562251701303784493871468060764589572410419704895042570256174877623

20.92271363433562285278461787848839190781211819642184691917966669686277434156143244906271706965720850063850786991665332140672666597

20.87472396445310917109216613258182194716254635472272151377746632664967377492301554144719409334684968890763631024495931909175796556

20.82592260193044934988668825214654077390673381771309261351455692243519162121953039388071322629022634324190895219804157698492834533

20.77628161546526333380098020121826100067902385038116635137458750228699437529460781689159126758751499958878868784741276725285912023

20.72577160673107131319077346615416931802894008997179809035615581916695037823107514197170480978482149987394693471123269098658491296

20.67436160580626990441843821966372925883960514178114260950121246932115431320152372461994338748731384115649884229706025771933249254

20.62201895711622110532253512764509555360837663279002991570254942577664334307425931513016427583532653618337879522569313274865183038

20.56870919483651716494435837057428838816822609262650484725908591906469622435853660442891408082506328333337089055648805089207378845

20.51439590656683312778045320262201044924706428870608511467051456065256743257032759975643731634102956243263822773754764008936426858

20.45904058392483980888619993186078567910436546256519125848635743126134174866423464762098366465995508358111687409071344266028715885

20.40260245852467420861587009769293272774121889377379974258146440412367351290970717438011817888729156175358599430835797584825691948

20.34503832158995462797708426291752375783296742934546988745239232213956158747315716005240666349393458168059302686856785161289827412

20.28630232520187060228383727595912610675869661409991381852121103526679251645305264980999850325436559544620504060092388875745112865

20.22634576289193442419116282583409966328699946279778948136543740060377215980419485455214960441595775414079482502841957387406830068

20.16511682694862461811854408357828472076937739893595520864187489116139982251840112973199639235301070773778504481330407209665598554

20.10256033940773531071178570700582474490815859232319627938812253310314744777289500207915966568751830853452826744147228591287270615

20.03861745322598358298339899308475823708936649265375439240891089773254615542126718806705319646774422452986259081218243063432037225

19.97322531958186106283123276564988288162012140750024592470977463856919771788775932860905680446961632501013376035752927475428163380

19.90631671658903297568354240216991689075209797729299650830554959914756226071602750951903232137401342508864688558165247101722666959

19.83781963392374287950624333380778900416551401406783812394163363789193748445168765020050640932283530209225656937843084128463256192

19.76765680693126521184365073694487754753587810400073195191347142250320880878347818768532083658917956146042839424677490461537058362

19.69574519265321512568455193956775200788923438894734162277758426186487913937651415109510146665978805701351822162263469916705465959

19.62199537886447115853427512218631874176490170064075633629898228597997874228720273840493839375128835394508310873121674100097479552

19.54631091557129611625577032990354162617838727879021457552502653992743649622325807659279252256169473114321314443578578309074344961

19.46858755643202324898804045717708434230193185899043399366792245393533583099356838347690513822572764056511923929620857870885268046

19.38871239513037652669505307380456966190009873094188797264996090577033469318665690612863669054900984738873246141710517467212886329

19.30656287874599645782307887510031554153898375103737934602603735917726561091307239080081886041874897682491416892953402262056808559

19.22200567648074541588520497455758479572516701344908949312083994970564489099028621711381905903696145636487715573151655655401318410

19.13489537752235065411669754398352470641848460783891916037418770539830891807482614165020459922349420235218551977839849358974657313

19.04507298610901841498305103111627307334158114744469153508331895121865426394526959364316406915423517548072967772734868822119625739

18.95236417466953958141672378028474777867841998295832814831439063304059365573485364126796697079301847505934450803523229450287795135

18.85657724681304688357148380935511921742634462548363278392026728186645862620608242138104979845268856939076331337674522481396312241

18.75750075033960783221841822181814003479692373743334537913734992656558133246144760812436851887469245204640967628523977868761033519

18.65490066553529592699388102675892978029624770586189760289864719142813295589962192384837511304219563448818242491318232129832300813

18.54851707470519519427029196515954706824070007377305311047810252520443394900263595590620801251306782208603946078976609111540419895

18.43806019366582736458823480760170967772336441307941482474789835779478665819041033827535589690307516592649927068696393616589893266

18.32320561263984936767596618980016587739254394655075557210385283425351687407547454350211301579252730488740222297016615568525660358

18.20358854966307903594590336878681164909020152393309164146180578448316852251869679946872260228416216356886187117252305451166053127

18.07879685991610680643176847390693145536260428917128959680759684401034974238114801508546582275038117765344650972969913175050251269

17.94836246306601191043471210053682013213314521231809469678158964838685794342615794460685561976447161804236078803106506593791773623

17.81175073851118933842261917862579875447124940401130267219275382948856160149602687046085632517775742624215813223668229106933797336

17.66834728152434539313293111866211023986127812948977644243654755042501823758883414755393210510746608861481774532405054016940125130

17.51744119058653864406930830851140903600403506049469536462103340325508740957319645147260871755719912618320021144831444497472655404

17.35820373491886202463237535827069291425147553331387131147999819091301142020731932061077631677477317638198686752347185589661666325

17.18966077935290269094274894913295133979885168874728874035317076133319949368988170845378911428003100811934381827349427560128311255

17.01065663685776153032661610587255407405107434008219519846100291684161636101113624839486438875865768700499893210610693911988436231

16.81980593682425260852236998473652780863876039931306679580554260748936913257480172214011298249527512875427444252859247019453975556

16.61542839919226030718021903649081835380924658155698048704969517762465580664014995347871188021311844129824024424358523768107066156

16.39545866598210761717880876168774996361065395041366895662338922686196183842427892069833138191293497130553601895558070102182232902

16.15731878523970725528045292995087241669696885540378734809183289610065855621022082518009018526474496039561481680348742701065140996

15.89773308555138926876341120070789041062257622868001903254190485362569772295417281089372175192765812194907027794298159209140989251

15.61245106134320562693027149894878532029482399593493542159240397015884389168917813623842282229174250730460090881078542036677772111

15.29581726601027344455754981689282174623090186535272239962974028175683901793331687672448267109933876413967010557305424226688864658

14.94007404019061532792335660944884291902712217283696574529368308764252319658305988129532018211524187740526602269400375858463984071

14.53416907709423942798653277953138365163695314581246660365056018159714567649878400569180421353720674333802918591146689886150233956

14.06157422816255313389072753370915754125085034860261695063573413646397040570880574712334276071155609421381154272383773118281263249

13.49592997049205470358601981945730851496404809050686785763861109435479141844557280797433030382654774349126817598201499468779568201

12.79124049218834900764526817651114997732848220983325434431754328400264136206856175248738074029879071110938557251600445747668353831

11.85554971107478601529501613394426461577219359613774192525575323295466540512005265128462733165282381163860430459437835062388138395

10.45605174310661199297818932560871871469761467632796287665395328769046786247293412076837360854451575180548952693019460801940606928

7.53331480365897947901611822571997100643930525884207884722005581985242986632074861032794624681165743985230064599777745188714672562
