
Number read was : 	25926182901639939476817695751946012329087544433081705811390561639990791792374445305684408684616080080118061035566587260181374765509998092182562542001303

24.12534924769219304234371049821427463503377443536264658385891224493329194381900381973872685218786517716434691563779562576326591447

24.10613778798868330632341116919356992640154980040061278689207020587166643595565115876248187930190643956902660231854007859727291044

24.08679755683901625473502788028939289985058968468676196221208583560200102983393767785407150468859342990405420252125590125964178197

24.06732681631546641230823447252059485649381213232453554347205489342723618387875776023774240543798687698987295193422704774885192444

24.04772379306791803785851500313224830159992435886171379929460516979774238756581410683462692047190726400072980858318958007436356160

24.02798667735463791596729172594569742329427217933328148961655730685848581571421296127557419209307776877786182928677745060082267988

24.00811362203966966863013809648154156730353332045799886996652611155535174432746498383545700254320891428791549716555287360103738761

23.98810274155546061765015329755621156871967150697930549221531468258506733813559727608257018602166735018691222935713662974944476762

23.96795211082926432534792018286176477904421413542353606150939685629572868427563619891839564705961236351640751242418851209739679855

23.94765976417179021740362590259724589585334485056086142272439994966027552447679822164227851378125267818313101480546934001612882392

23.92722369412649590379454421376837214647817427058683643698591642210523578846122496133231857426652139116829035759680681170747052361

23.90664185027783770092243455370250043350767921971538549787172766212898959947965800149986259189193938218282447391834395723158390218

23.88591213801671014047433797302958087983679485853896313608254961991158553926807670897029030001999448632861613512632553633174838606

23.86503241726121562842183071207068145109909300186651290724302065235796557974020073438231958478068542360721663833591363423487448604

23.84400050113081056907152955275683440323849978038645778095050707952906294912015012695980381661070536325119112726397464448563340731

23.82281415457177384883959171395687363682248896098745867355123354902762088983390196631427836362345021875171979587323043390133046606

23.80147109293183721149114686735064635008858402123626140499480007406933848314036067387260836305053886724475004363699707979322508579

23.77996898048170435237350201749410197555313478472234302621394714624263645040111757710063548268090514564302028828580346113228605117

23.75830542888106608516320516986715278646514861536431780868834617607057392890165297702711869532146981741661546808661451359833701438

23.73647799558659222990690244519287860371804015568232226483455223931514111808190074633722988691917596418394654488960422409956687979

23.71448418219924643959289587817199132457401648623017855058351716058832081354691818573602506257099353162830938830590631251182758652

23.69232143274812748996723901039576192612231746858180532622020172258354033121747624410608433190526790956034149969375420476407551203

23.66998713190788902909432651806449298946483351384457864134861441665812407039131121531557935565227840547138993249079141319020146740

23.64747860314662879082712689345953027530355599994499627031201757450552297736879843949784575468077941795707814687535416172957866263

23.62479310680096718702633130681422037775640637705187848919480250701301190918133250108187343775848251611284748945165689419576325621

23.60192783807485318315514108383053707498388653953429209680049021997368887427074625162925376125017608746845635477369444811979524263

23.57887992495844184674355187375558822809145067115749672480585177434809976898690397313328784798442522088010945176176945150382598078

23.55564642606318182044028733175184029239147091274630657482220305838259525690452225813374050828356755222118066872244102811314769240

23.53222432836903159197921417143926758238931323518406270715255984896602553496923022952722606976497478345022295286931539707107907301

23.50861054487948957545879169205090671248477150595122930422234530489491670951534536835972056320632736339205070594869238175060261570

23.48480191217987381756347929569269687230995883670699573421122157737337488198881998645851866658420108815661970120640586959602099289

23.46079518789402126582654086068700865055097977566022473856033635622909664946894322503306622248651335437054910910000617085152563526

23.43658704803429288373799356160832334291036171670675981150202260737826159111299901941437683412154720344602426389021327367280096439

23.41217408423946800276145023036192513102003388385532501914558692788475714935234359987296439335443870860127737710616280755701066502

23.38755280089478774014656035080041669925503708616956408434956248589519531461603245464166016644104506156895019402162607774677691385

23.36271961212806148928757334600981712652610059461011155489610509641824082451664937090245454965555974551029939027602759730288310216

23.33767083867538060039127691533365998466935151274312035319510372493926744506729166261033420679491469085797004701778632568242763126

23.31240270460958763232914985135102873242086057637322235423297967168402817449732823678021023635892239435721697801563415086787864104

23.28691133392422577881096205059113992105618138376543784624454144252071178149706380235398480041908144829628303722467231293631885466

23.26119274696523913005291386786038352857269778630532044981387311241798201622994939184718331856495449496839288623114419137882486520

23.23524285670220778845050494192294331073007587142297259933333622472260363541337839907436174822494060391317650309100263684414456035

23.20905746483037990769776562726185578197858038267312030770925206835188275691882589369199812267066519625841471028995847401007224385

23.18263225769420251277087597837410998070367798154514331159657053907197037620798504307300846804159594028717469324457950639911054538

23.15596280202245132048006624710487535279392460498354309200821795670821419661255311516871021988335946179884909507397112430430315751

23.12904454046441326390769411319477134906346945517089237843421191209871700586472500742025157105205064978219558420923037548228078360

23.10187278691588015368354639118343302935582343911222501775846591008178252242606887557925442638209883260652930040274916867494058233

23.07444272162296379355658998342398920561138064234828664758006099143437167297281690142124105416445462674842987045324672147021076483

23.04674938605093729242702633559920182165974093175833689606003483053299054818641761582633398641036300411580169989698817836474241927

23.01878767750443928058653623701500679691926770358939919412784333378615194143283493714016357583837016425328217782191226151983363508

22.99055234348444175396721817354178019256302934316372764468509170520036342023899766390328910838960181550985967456932785780473531919

22.96203797576637225870537417299425911617943243434704558804978059799724043155247381345030783392759621359950702321826658041922320780

22.93323900418269049481046971228037225029504058283542856459761563912165694203721862041823101823148366995741496175105261264691588437

22.90414969009204080306723990750283263680360450655167318395609111606438228634632484792193535913412124513032650383085327138519608390

22.87476411951582731685427695851459707409860294990192140351528059114401118648687793928305179176224806401431646258908047122485797317

22.84507619592167901737848920095733408030757249063005368223487044561248612860869816321044478590278569908935934314180833000873104077

22.81507963263177756298050461159891478339921521132413770804833566575393435370335571599377799305130011799473537792515504499163428230

22.78476794483240085709205762151944218352740131943886734526188043360364973002591751967286495496523502553717263909399766539987123378

22.75413444115927779329329635867320348420898838068928881106924802725629665440113199750100821447631947892235809934242483813393717260

22.72317221483144117996825042734818309735955423451857883909614412419234122934374267498384966231103408631554102450379201151045466337

22.69187413430419181148121976480485411373548499477473977590771434937555448730168242976634876944827061710570342366162582359241103463

22.66023283340953066315641038824457973198127902733876751122202743513629192187921325914539899505510241959412351121872656956624685590

22.62824070094996000652224845699160340157208247574849323949108791206788474362112824191663920152697892427134666972143780744451485827

22.59588986970887782107850202186550115670826967916265229681017436528446094263946055553068911237928661663744926173829324455338557092

22.56317220483787054589027973390490006644423267628512044665452057896457122154621787395065561009996931855062400103769909818503928735

22.53007929157802207108969976071633728205499938642164353009012885015400095461495449899820682689304894644686673831221287332964782218

22.49660242226887387740710709332919956436131843372050429207580829074118353043274789410037624522955434625532686688641540371289158242

22.46273258259486100257770901420943638470393492879510389693843645345170174821511286917886797487532650893452811811880130918133035982

22.42846043701487639705230302064581337985399063333815728961820298978046739511205829665181967012530458632701880368347271594458844950

22.39377631331604261643216819003475324445316128889288204007325505534497460655460681746808370683678413836172251555883257557758456871

22.35867018622775117377464438371914737524137248965954725385767108513133646202789104436238402469678356305902859055774367799585470202

22.32313166002651651813513339169983426455238751838360775693045024460727583901808539674556261651486792433990339544484280577894603273

22.28714995005612826238945322733582256008121821230401885051897924207930294755248037722510247948896452042094711191026113468640781501

22.25071386308090928815984567449468192066065224568557778263577987482035463617362515055552887370865036049288040167326087064181511840

22.21381177638252817728890810248998689968303446178117222861699282326814478609757886374519372782521971887461682449765685894264895588

22.17643161550269254035791870237625368849613752485472400612600956105088339546381790901382860830973058628465148920099091607983062439

22.13856083052507491308167043991030571259814421397626202814974714072655021539687518474884025212848588270509747445609926168475732430

22.10018637077989296747292147618053345909830020899240520107587610741117072421188677754688550214561734465380341597895352287753301385

22.06129465784356506853248490053330429362498050697707086734124188470817367558947818657630355399699806084561546126188594288080597748

22.02187155669365868744437772441690268596332008061476921562547939393762997259390703472850286774605318433138850305484454112872630821

21.98190234486579325636255141333711470233041675464760440423359432872965984687967826067408090074584621679065352072656466415180337690

21.94137167944407948582436575325235557934707324867451678727028094776133873016466448748641827489952195293396689600464711598126565034

21.90026356169987851420283059391119443215155136309869944460799690117558630854624109868713412393023087899776303323429126195575427916

21.85856129917492312772476664999869521865834775038178352200104013660713161897504687095726558997525990036527313362843929170752930022

21.81624746498390296540917772403821620676980967837800730743064324526209626172353364952428515323484008039440823417081351358478294400

21.77330385408818164828884539008727345701707677500763746518849645631730542975079003539317224945098732223061907965411957027833469440

21.72971143626604693445579646976047776766680937380674908576623761803791600456486468573896702785498325330487424846049798298435502831

21.68545030547540415452989497258061820581870596453109861122409017837523688400521559572326386667681701227838467984320352940312027554

21.64049962527165621819163897302881282604625378881984432272308817739969858455905650657261215505355051994929511296665372364629124949

21.59483756990614652443071149061093548621546153041290725482199180858411332497725154868547705198357059679627588997653649940376043760

21.54844126068836654870755065422924763698014801537704204633517088662171066927697940990677282056395855898157663861849719993848927802

21.50128669714744010105954235436849242318733865191353451403903783621114143857196253563327174306035567519347767191265948184234184714

21.45334868247436647793789385326731020843644530973433037410848091766588550563041858118924288079731944380193499766899048915470425718

21.40460074266517085906996682308066923472841508484397029149916671632428403886078149102774646542171780035381694898297833848665435706

21.35501503871534210266697689548251909817014311575982710816233358949645592524512919913153988724239334131851965420673350974103262807

21.30456227113640806343191469288175681144039151868877685040468355559538918097156560175067912170599185244852179245495457605941409205

21.25321157597464258889324850496990839928939013545883675323680292933442207897611085655832759370738927126143415321076490193976715756

21.20093041140786904420897702517633249424276749955298709189897687444386618412536050645766316212570578024769748179698502768464228367

21.14768443387693392441710773124157215626688180051437739755647589845630149800554360348340640719319419267485608469904784014253420497

21.09343736257107080697835140570756259986999885895182402387099596353150924888584436997719337104218738290192970879837153815827075856

21.03815083092796098884722844739062952505966945423897467014636889390562952074195504111998076434882462992397538287295041587862802989

20.98178422362611861474613686247416208081754023526875532386654790678402170394981031988996197672095391532110904601969836744881609820

20.92429449733484258466471561185081367274602036733052429183337031695677425001462325401137083829672901984700068618055572427261840257

20.86563598324003926583422206444581550283541202386302791453663206867464031242702398132992705183071033082054445390025698488056800218

20.80576016907627333027558368327648419118821000220694154806579878680658910516392339272249521019774309825727851444563506027048827408

20.74461545805862479394030989939027553481986358009808037683292959066352818521107894909935163460313130360594497093104182937711013763

20.68214690171279954652195613545940116556109712965491835055894369439363589000225162186934325382230253601255084800288901085920715116

20.61829590313683203640802409282163197667426644128506653742048205740111426688626728827835911712969257890138321978475353286315269616

20.55299988667837362925770701985380664262865469134404906137550188881552544652352785014296367518547520964256175742897394947147990580

20.48619192936041667336820108145597534250827285766122244062817561930575356629662585258326865832608933796762982795019221349006520721

20.41780034861363584018974322430173119193707564581798457101684729083844459882393740560422932634168514689772473983561294069928466077

20.34774823994833040261127320380806147738952257413193085177132845890556619713519444344715539510614014851850386667956455769291475651

20.27595295708949604076374398038988115121561103446119753194436020358604171537407297680031612062060755060550945177759683407753996848

20.20232552576250307640444408835584282189745585678107983655012347819045987492407057719725723401106454054543927932182792307244079275

20.12676998070077609394341306460114684770249495904764834295611426569693822758083841189466219021611976234037495175003249701411118786

20.04918261348294667243855546218445101540732113601145704182006178979116776946306811262430845350594197025621445646452170067449816532

19.96945111640862308720517418298514794140850719330938853189777940765978897851829896016306987779668757083638502058798075657753157575

19.88745360467800767215611538392628726699922649811214126808198354365156740149101671415309504025469948078671262735842982166000226811

19.80305749550736644014844578527634647870317892791573345919876055330766738606972022707230188729116639240912058857040318832930758722

19.71611821830274807448740735332066958381547867498624300607586096165219689376606672049547388959928461579042826068560017841046987071

19.62647772438312101478115380948652621780589308303515491536949011085384083474258683175651676105579919956707958548438779012597437593

19.53396275766730549321620518795150854499882231497866889160141841626937370445874834158549309002535066642621465298550652690049956247

19.43838283878536126162730193585197515581396234870300851189360170255965725659781102383686043484730216902314220881200296945599710049

19.33952790366514880807265851573573184847176217749676658015383365159712791315667771718564293223229419855071283094663759636222174233

19.23716552299355937248278153784782542434652979350793204488267791319428378826842898539722151342141081537500771033466526440507957184

19.13103760998525204977397883353370376179955688026277922403073517796304061991336772611815524600677694972160305573521383997143006865

19.02085649912477878106022324677627910833745931621753833790647965815676157862796190524338124245489933099183904065924986321890845990

18.90630024590550244965813659846337596925131093205373645514208205537101501978185006470532729190941499872440468788587304549304299309

18.78700695413623022531070909384139933853525378668230888428732432915405032664830884362583942590367109453915814610541040264243284921

18.66256787892187254172181809506571501744256550038924015393382442234216932732365585941267564570988922900227950019215682164078287031

18.53251897384826652234847565118395043883147359179846550045618733458997583400374678710868621187504168106818294076218109828296540111

18.39633044122971101659486774997910040084908971069262914498583139492927163291927605323307192776623660041567964364565592223218929764

18.25339369106711274553831656489117647297479741153186903930540700584695252840488823215164578754575589606847575170819264397482880765

18.10300489714825166284025616355982959200360879075693524422278159357161421768646710064314809327528957377919693544101131240047568859

17.94434402575019313049313892648403931762656207757844850696116360051056256173674877771527184860722652130707653667675170531694465080

17.77644775340174088384949107695680053601138352026598142040487885635665855152412517711415548450988615051003820341723742302197006543

17.59817400369587817166076038640066274259312189113375374628739611735016948117377111434537354774077412744476097622820634407557324421

17.40815478395636524310787312124476137739695183157503321948860022614016841578436592374902675439087638440440641690858368857520744093

17.20473235967795666691847705108901018918391611158799098638419494390339682929126579658153657142002440984335052976637902859345372404

16.98587116110874948318370772256188754751605529175752685920898709909965532364763552171414570236348681318486092623171567527021899464

16.74903342939953149959980356457197407298213279503525258994342632345510970499792393092001035601121555523336049712789194661580064683

16.49099906852868776798620562606289062406071234419568904803347135707195850672651373863669422311814354406481326644786877650955533850

16.20759666740949480952740203815816751019915838648483124320199106859949999317237864630723305559301955981480001429164779039828303055

15.89328730552323604046342775974383287810344329855529195902611726286727615579341051474298702769166496327818309309060824541691299565

15.54049239377492461091282850768793695427967679050463481112744386705959660281514447331993951118094081356014244005030516670300380735

15.13844970066857532881159066198053333922585219417440912630461894999246777400949745362935743198837848074331635290158119357253758927

14.67113393329161887897712049775492056749652086565288445615525000403495539782515636678501383196784988866600662651618776923970619755

14.11314007449095856476775378286181226821133839295830221106633411564011410985066775551861308740029455040641349397055473254487566669

13.42053218185131442478577062654539889329203431388078839308668895464494766533455996734389589078667198129996431012325952497003555714

12.50677038949787928058532829812356439542999349340776592402103200727824287765670974708239559808317803264061508061754542750942166759

11.15934414757027753410678126044730395354612666665953134139031985594058933694521497138721183509507573563362675119248672337916053671

8.51663960806997735843961070380014567742079137431620078725821364795478642483579240158468132387761228882085132914648781035836921598
