
Number read was : 	3236776785019312410864903372744441018862612122798075888168142602846518081910952391630693996987176980148162933017390428818242106353501816510034162752125338758325568887018649090303576351530206488509932713

25.36079987739030265181061045749281997763579114322389800958776083956118141380819480012883393052917740095746602690837710572451625860

25.34637872032151212224370466751504718802971564285400927499255533240245924295328076491900064110052652086528148148007413708596017672

25.33188512419107468597524761929140486452269222421789571926836863931548847993344723101375432503162159310136443297048257469442816628

25.31731835758437925746580034978294175873810231903673950661058587865367141056196035943276646844117352748783474968817896639369098129

25.30267767795297660400138321834042432489325905845742441380383515181309857565020840718104700786641468531132060140235070843068246266

25.28796233138744892357481511949048684012090767565640305968842195362683241140137728588299728615539089770449397373694285651988895194

25.27317155238445788881440233961154641355178936064284414996246238192729788970948927416518072605408414818043915633958397417147616712

25.25830456360779118122878763112387718977119313288819598829436123321157785738827993935584810938755036498987893485594473708279016611

25.24336057564322101501544221428721979075869537623964295857032937423755807196849699415956051301069508105751209580437851796115185668

25.22833878674698135289101269418346015487598997412765646140560690062516623557740828838743688840321428424070277658115199391697546322

25.21323838258766343504377805409738331897888059501634328596081821768023761293294233385075582325697894151128544010245805197478860713

25.19805853598132186290762898229434504586273310833984467281177851570497629719808814095979935674307744528976983546226123924162733868

25.18279840661957578782641569260300119625191472584513437091630405626502853459103489230038516280287293495411979403845509926918828765

25.16745714079048173587606655255953517822779825024688981291110461015310683917595115483782509261243784249495422037653661280321087737

25.15203387109194623839973232060499341124022504271847036783705281317242209570448542310461539032642435182133177108339229920463210362

25.13652771613743771660264802427921111350793219290388608446529213291404713358326787887165325915527051618069653338609455449335578938

25.12093778025374797036655357349200537737186877314143822653508661624777923833307912984991367980833689805886022434128063039133910134

25.10526315317054412784678769525499899989236246975773010666332453357940378140050365930360069845652052829690018033645195495074174976

25.08950290970144200397020237129503312370732295038957895103118448711945942280695070451758820453843285809355753070393406742642952783

25.07365610941632147215286907264236297279585213258527443860941377738370886839626888930683304232674633295471047097178127999370382987

25.05772179630459365276473863458555110371522063113767212131548271118658976482962375527371432252365735449739178145494498583365248325

25.04169899842911844124391387723973729627531206245846982334722391782950320184275940070727564933428032384972269714953868966242272937

25.02558672757045911477912318897105325185455142764844585388244477785566802925727980702419415277813648669330124370572636368355702923

25.00938397886114843789766900165016632235542158615540659682579293618408589733148045679110201769889488800952477248523943403195286314

24.99308973040962783339506841455854735767169452318559812497068227559005244494541415052017635005839892061488210095706691892375663220

24.97670294291350769415275869237189398212348873582599840541509490931651447327494064708024634534913629209191493471603293118983984066

24.96022255926178289453456600212927847433794253048588673177641944034480292700644464103198095017419626917724618122183246874086925684

24.94364750412562278750729681277459350714652310945783739033142569746646017777590181224119675691339232142060761241758689126417221047

24.92697668353733962195575747884033755382454463814992580706681407831353061526861360746341166143853680577444135041984266925914973580

24.91020898445712316782424801389057847625817487171105391361894289527767962857994986239610486505861849314431000711523193221924538059

24.89334327432711250235504807508763673086680239416192847189984537770050648925807093064642200232624772042015199452833735899833537979

24.87637840061235822242265070641393724697125129490297668023777214473210729124479090570619914625742351180285268061615039991837770276

24.85931319032820987260019076458554217621646321292444181207184014519565332724345911491576292817024986633794562917918524696676495946

24.84214644955364399451198568922410645416093929905741446784211142912106111156510662047508953027776777346224459052252637808708777608

24.82487696293002789909195533796584012364913950496603769011042845181239353314858521458033540301797285364199063077258558393177017193

24.80750349314479299417368324702626628020059190974195326357499004684217972351762016757768443591219906017602450039460709365743639366

24.79002478039946916638347396246495610762536193259731509789464782945177814363694565922386941515036066449954205271071914504622654686

24.77243954186150834087487924762034984136963311784258692395136721774002549310522782149565051629592213227468577162375287829685948374

24.75474647109930077202983160909141848722815852046673901702575351231039863709807640959106331897377392182708976274799761071924886960

24.73694423749976187389356102257145526338479966087355243075309925323548766393962013106422574058033268689274690057046853885785230786

24.71903148566784034980154947885682935731475596120938847638933488743721645270293199614897757156266797742912728871396080914673207331

24.70100683480726999803824404560559631820672021774726136067421009019747445209397495972898118437528341225075158030067005443065233479

24.68286887808185774727869260775069845876462986141074665463405272136261348358631653794889888938405331308661671116232392611337586973

24.66461618195656914402067411339938091919327011804442460312578984847937746042354807282302419532542796841170096831200734663771767019

24.64624728551763960515994630681167903888871514580397824890780940324997377544465505995825460480452801017058689342852454739645277701

24.62776069977090512277336393568706703828608622276695839080904829023777635462702320655671334903425593114914692503843781904231533274

24.60915490691750972004077555047132043408681519511407017935160759432724970945533105226161105124351970719162802614735209391093068755

24.59042835960610867061687296030904501751929608290992411182215867626782437093389214968575562069550118001767950657589412980274847161

24.57157948016064620554157046164735554015806268820799786858236610437043085797225890617549358005948870083074237149734151802618598029

24.55260665978274403080043083955246782929559438683822092113078433895262017067237912032487977717235733872346240057557242214614142002

24.53350825772769231630964656821348688828925341248185049380781833962446596968957512154004519108756799532644243141500066960056493572

24.51428260045298779512062962761308326598006759821838687839670319950706411495344593244568075720202774547957001838794979236110298528

24.49492798073831405875540718012020245873196236642441893030552773818782252237193407265823605214878134623991805109369624300931372665

24.47544265677580688265309213414980265073917700632992662984242088414683680749016929576240549993682005642665464388967903430851781207

24.45582485122939236820020724323699355579053850199191661463101695725564795623281244514671634632424064293565310140370087217056409691

24.43607275026192757258375746731800921518585015474264295911493040541953205110901298098168590348232204130982058720092273416339023204

24.41618450252881201884816405248990100194797374943492993192289949946887801755455863346692690888019338464284446918499000602296709570

24.39615821813667378262134743001817062537837893583274985039575803244308441326495503973717840368947745751884907101900959264440479936

24.37599196756566552570978993360408614202722381338945584380487395423602561962984885511891089776199745499314169287302687025876401346

24.35568378055383368883297499385543208335064326436799943086150187966496970121693797551124782999959045407272408173943168652845183328

24.33523164494194781593614041604941040920488095330911585650688480651316044301308223869089412655498283141262098366436875430516225397

24.31463350547709634827635265546056171268424126861757921037849176211326653999910147486014752687036176208314591565500595723696102111

24.29388726257327001275267744524470575632263002089295906292713506681148109414998479308041707923499553093086392930540751053963488601

24.27299077102706371276555956857828762772286984068610088253640948194015108044549382644948499022468579867838367954293777513195425753

24.25194183868653239698574112288976893705356760506203260727191146507074969038150354623845022873750735333263918944533156624321295000

24.23073822507113534210036771573299400352714684013048731882246129911249872389922899270238504962364663583156663453219787243403270526

24.20937763994059618477206307987929860770989905355803243066164827926761215823871088191672922929646633655359785224712369789221253422

24.18785774181039267997003509834647181014819309353934991558423642518792746914284116544547992087252458255223665211716708240506683358

24.16617613641146983969487001967626411403824131060939818012948393982647263700891584415400222250467608155288486611260660173049661611

24.14433037509164262960376051700623981012654376560776631590322354133927863313223050747702060468223754862378952593572977325639972063

24.12231795315601904023350453682590768508120669403900441061872013758137975496141331577068868547279998925769881899799127559370996396

24.10013630814363073098952014973427620339312065425919024247175291133677208390894453952163606000144917302996381225003575394076194732

24.07778281803730590073983764868994152385346095232843467540019351455842714489734978559892184439699330136199346953272610037507160640

24.05525479940365694018294522097366795129657049766223321958805967467672525816468704158024806075805910254345460754068463947380652452

24.03254950545988318268904552212497399058650920768595115638999918477742792723818344834485688266233702676726135045054563009331239986

24.00966412406390584010480351892966113982495310898649708110081727991073749746633104461061135483734705648510049950497865501154325130

23.98659577562415726707969658790642048990646745695774227538547825162375047090750062215115237997257900393538125138907436867183022743

23.96334151092513925464455686636794505621435532487588280414098213881482034922559166065627703630151257811878979352429352613970879045

23.93989830886464400857800368495433647643375401726141349616143342286203213215437088267471330950111890442623947096918403299432015866

23.91626307409829604104869059704197963701554483814113074221602270577773716255811105250127427414539341882330121522939257544146502049

23.89243263458682219178225021940125764485751014360924736120458758034835645360550015177127509709438999079115557234540807680701921171

23.86840373904118920140372372132828521416927661101575086767260309005589883889594818065148869983548536147571982241717370016402316086

23.84417305426046256881890272729507573286701118884086391797643063714144361068215944313833248388406123996256823025792852445419875586

23.81973716235693530556496504183888414982078429219440503922968666115720263247304229092464259919702626092456818902062322185801924116

23.79509255786274926229460904660393027329530634003755574979938359709834681408312876959653693523148205387922584777337889799245207833

23.77023564471188328829373443732444904410587600309156210485180570049851170961655470429959197618395292797976849068758587881430927610

23.74516273309100985602741440063690775466317263232146626749265330446986419026331891565919573209474080159183675443746779392811917936

23.71987003615232304214217476014658645771937284326790491758480723242988007579290148805964286180787190195580503032170142660318902000

23.69435366658101372555646941610790151529540303070185181991452262460979773960900000284001620423137201772934480505888410728396320976

23.66860963300961046261599546903406996843884796620684002775336876077100634410821621186540106651549444738349935600031473946934474148

23.64263383627091408386007242430690770081557175714084367371833628997495047256186875148690122967972158475188123366660878102649031070

23.61642206548072798361518897456074984911128548713732687401442398376133247478146691604746840786728240987057082064582228991047574951

23.58996999394102148178195715332482192277250522880102118596013324011441120996624934350141445021364871528004070138697030988285245508

23.56327317485355719326013800196899845034822807082265572924927502998862248343100405844532208960396843210568563617201870877827060120

23.53632703683336161760356379717195980490576001921097925647446723924954437163714032126164884516965427986078875793848865996546050978

23.50912687921071726234336166603619936249332925125159840922246006178487948457904698597392789326522312455175389763169211700231955194

23.48166786710960037948867002580517311907046885624811694838249072724658934608552354682462666580588808227655005139259889734553504742

23.45394502628967614962005421519422967463948956038446213407981031328399421916037624779625511491492540410350319148775897777419583998

23.42595323773808788622841844846918714763561329945404098238812040256079419380270776748905412706673143464148001506072631769492004978

23.39768723199633296019945656259072015683448568500625324158406898281208786374767128845087059714818421565954221809196641036435278957

23.36914158320649956370423930997027962013412588498595100318809095648532380768112199292934088247808313027539690276980093606603690746

23.34031070286003842034041549378352850294826010014482076890944416947761836143844300870429924257833725782726879359696205012629906923

23.31118883323105473054655880227137753835000846588416276298601608718725100945169062707954564589573111570031359728060839641303947600

23.28177004047481981766753970863671000791964430728566593212173500385481316299679062103761996342425729983798643550244220995824173653

23.25204820737081017556810542183702769788671013684399440243173616444856097344635456460420195648995149044389510901886472272416046602

23.22201702568807394118482535497769285720898752933748295447169901305121772821577803772397656822171938825151660874652924793057899061

23.19166998814909028130892084154377739633854449267853572467244481461078385517578065556404859912651254455799817772477640063719972283

23.16100037996651364778915448637122058500556570693872413277353182217707216877915502208334256937270830677221700817905771758400848837

23.13000126992526886843145832967620580692776111538668208787780779221250343208249495260357808696180505878440089573570280410713047505

23.09866550098036970748813641082737260834947908073841570951918483342785174377822035890184029813356094532462621256736677002666004811

23.06698568033855630928401841982021210194239425201902937571323735047068953688062752410048198212746753675743453920031228076623998814

23.03495416898936746677491168241241615639917770725790158156945177716609431406147584378990504108049791597462424957407388095854974334

23.00256307064856150457765322209530347689359125660096081571008441894496791186593375033936021765080523199869038673739548112958897171

22.96980422007385189957830697058411886079936020664872650831478798609595082875586717814162726685114785286143037835688233752254281153

22.93666917070970535377171881435454475521253091818114268110813073555300296242932278641326022558145499900519326816769971491507405018

22.90314918161443239542662969594078962572845403094824416808221525917164354838710537671497367666016582554004728403612411568165844913

22.86923520361895227098688578931190245242946710917435764663297764049281855886897117238263905326747834654075328239140820677591242108

22.83491786466239918287429951684199900028745663796302397873130558103839014585070791194859125360932644485413931446228017211883889847

22.80018745424511659712153046309994501207032146194850880211832064079564710624441066769764635981973852458379280118618090788925192641

22.76503390693451533982356309204863480772404804279221341733381760201183105159120088980102216062136368338210726257414614057257521736

22.72944678485370007000130297153565998883828533171575579664476622352925334924327510122030460421099273596845252026615623661869900135

22.69341525907664072219597244826745724985349654923525762555486198341274175541121288516236897317313419313886679369643145535967345820

22.65692808984691768637321108453853397750013451615317171061651432651715343005000303340799277652422989890776443152757027434033019143

22.61997360552963011847532217289865609590233853385046867474936690825873115336481135889900520766894242088055416971783477970973591560

22.58253968019784516200465684053578960478801379182150248848464414156875692914540249163019478814586327461833698497936720719382399975

22.54461370974589073149212309271882245650170475936161433194003721218248389447034441725940117385331863484196614609584964730574165304

22.50618258641175220105049199867578595915513793978311509233214165320599511169317896847716263064924767956508504662293529071276162253

22.46723267157970640108273792659497036522361826835695120457467819863039845008283339880266899386242274397596633294578928201242741223

22.42774976672198117924337486009225159535871627300763874125126267092588611622125797999961909435188570557968385235203782717162420682

22.38771908232451326601992931385432297402230226797849254954150399964755900615459719296299481645057447666553971199296956625918292157

22.34712520462661767500672491378193938369230935917680023841362431732710703913018756789526068206012280808927275985129063572721204808

22.30595205998738027596246869012164271767687568298840593454836505201933441469066761074961279895869476535224459505842461432028516095

22.26418287667261416138918652523138938839660307570290198438421203698581902307896534224524720233181538704713027972640878319764243133

22.22180014383501996610661413946857825084329650682105801942389501672638988579809630046716593150233673830662801349705575059512932393

22.17878556743646079699101133659964178188527621126262409576637542002068639139488223443368487260283523113457850221470817097292429390

22.13512002283465978879380296540112863541812775680537476596231491894998524745900111469754862236228655908799687441836398440523805587

22.09078350372675477423197610160284690111591236183772543837906595729648540644812850039327422125286650066153907115553770517408291361

22.04575506710854079543884953109816422224190326751311080843473054620510284587409388122630896526882308650957071674850940287488514627

22.00001277387036489621898440964275102123638392789592123993949281068133850416033843386440147119465957178260543165628097794262911774

21.95353362460789064325411537458642694231666535721622732600367814230027794843043431596384831008463789613165725204315625121021828940

21.90629349017760274268393675812346841025470787218252558136839757231596924424960935822405609086194337924732776116625129141670893891

21.85826703647213609082326737597746473741365910706991055100871769023491830228998623010952750846924651850011111848306643088673903906

21.80942764282830716180999034944094620953578843815434252561592943811956127600884688695330465929548007968339778552349991212783171939

21.75974731340994894545656820747522563571502030384867072413551207970191982043349449652585784093870055723886022938544294253926581121

21.70919658082695177404319103378752265525091243258969404137203499656762296210319804739238080225449470261478469159650338723046116411

21.65774440115969871921569928570031774994410126349933731523050874927002165310914131358295029248178433272897607221404323262827454710

21.60535803945247368305710686140293625506400218952102852264283922636815553100749090555243748941921501139401882850003202158576056538

21.55200294461818254555011463988181707435758812755067021690478965270327585353060959074897689211768495919421873824637953556170641584

21.49764261255721247380504055094404604984662482323400510284813557409081549297567470725793072049089248609708036037520545739646917505

21.44223843613230208841855183536229553009782706333586667430803573169713614468830212946443123145198091165181159096074606956003155531

21.38574954045512705404398363199448788304249778608794171766031300871246536817271396472975588140537914939442525600196324993370925303

21.32813260172438908517547712160741820104503921831201615342969303172993195033926680220550638599168469351405582350030825507886990006

21.26934164760407377634241848418365126608104226421477557349067734904503771445233514369920918237824447861129331509701081239956226295

21.20932783683762176386848709236302996408410154136103596742925459068404020372451289093570246339488566283173056495771169768645014386

21.14803921545104493981309216100545609305124331402786391452903905457588508894695219163325015137902398299515760035594074297478157558

21.08542044649578574648493570881961387555477575459401520603058752789829889494188142790905200132275791814040938952433209110057973227

21.02141250980847478392965984594148443114095151572334171208516293299863527498869069954693126505978081179054642482571546200005626185

20.95595236770510380510514542281823629746774243304532948100756197949948745666265306654405519541416015055292986722957677001357596217

20.88897259186352344038436255719298469592641289705655648358625041814577312060267540581263857530546403527662087274302516883529229954

20.82040094585834999054235124421530423848124806732175639544955198505225173898248454676529554707011623581671673540171379009064272010

20.75015991686865684823154389533062753759400808925900305708120980231983222145508276739067292913079570134526295993437734950644286453

20.67816618894666019447093761848996641137326440169111900382932177682541484687987180351555497804266715351498634566955449117433984694

20.60433004887155975110622675550382806134446972563848856875104926345189275177435091237481606509191064239672215713242158087193241882

20.52855471396192686175023508700773444761750510342375912423752691067005038634288056180294136834575174818557248015475196428155797298

20.45073556921290778068618480637658827854041389828828221334102074196840465529317362022215343704630906945357162085178468835636362797

20.37075929867208004595908510841936214134402118267918546618383230986814739042580773688148903581289370443713802830537237169432317233

20.28850289295573773578818747285235190949462168629613228856901885420073990739975669658143668718345858939918973239270726552989624284

20.20383251108778861563557267790798090131381283298814776324101869958438378208281055974114592931501589188311240957570017910675910372

20.11660217022367510039860706771233201060405142859720148299554328275014646722751168773936251004622623193625728669784779134908138851

20.02665223104902909426039105212126753576956567280783717692361158717951936865405468725547253601771842932288643842292100563278496704

19.93380763938298266570235528557627536045396846535823067011221889007611129914624186425507837681809745548969903085434230275168840910

19.83787587532382629886608235840672893212899094806889743934688134552237035925271518780521675700273981176812232358443491195700454104

19.73864454955136111075228120180111634712737561711354941518158608208677217574420771034708638755023804676202421604447678303772918782

19.63587857133370879109272940602030720755489735353912506707834243551630224355617710632931288261845064520639907281185427538039961359

19.52931679326412965177805906606618439310362376226199664028742327710887773700029292080762956054519872430159237655822707373592119966

19.41866801223605967918856133332751807168606347786148957331263183315154308179851323563724468398711249075270252635052515183532166085

19.30360617249790122206110151745241644516102854184683955753314329764478363563653559854044047286176129028644282522621422147346175996

19.18376457176288230438421646752957584641669378297453987911671066603171526491033389078090040886701992873541342594773799795273773041

19.05872881090953173376885234235706453085949339492409793955603692847731481011758049010231731158958184752403970803318194144294064446

18.92802814543640172798089670385804582554737731924979767090013048517252679076013650869500829948748847907455748795880285381197693516

18.79112478314959847472012811828514170870189000664012196109440108462434366059477342205378932831251625742586545711643497474119495962

18.64740051350047166673348821443413487713252562641686544416791126587465551703275847771087152779722229392226309045531026273519135756

18.49613982810234217047329485107320469378676049354269453776983576374300196944907376647894273230749904917118065964648061691395712024

18.33650836589244736627451708127283280399435490013221200865674619910085047449360539145373284175808654524021628284776361085903602610

18.16752503724029665885526387642925287725246674274530051977337011860246465154272924014152808623290426955549790188727056596855199610

17.98802546308538888737389568181752352130889736211336861996727210493253608234534441823536122773615471292686595218080264129079361446

17.79661326475914734644884497772432324769636661328960926251233276729673827907332187999025535809909536331953505215827950781740235835

17.59159401225586174982194845056954971455010988981193954343339853869561373406561432041752331254919218228633059372644240359864021535

17.37088384972415469471748891497592439888670370803164324242692177019071803090693263782704612732002351601012617398970449565233469236

17.13188017228078161159885080085018039763732300348494940701011332067002300852988577302981697686976567905916837474913206031238137286

16.87127371164953866473127567467999981081830097283316245124561339453263516177830120640469687482559163551263208389313883018594952361

16.58476696784572779302294816285691592251438390893382310576285024563412777541281773184028066199509186322631197089024179925024307613

16.26663669943104016904895862474641166248625214550630100662053800727724241848950596995134808864374800852240836266220784699380039354

15.90902374615248632936762226965767552949315002729142233832459247952880518644329661923501736044251100337177606137297826323416965774

15.50071676213771100217997785348595024446656033308449506838977659240218600635475540640781023113571368853262513463391818241781632547

15.02492377700055504395059736383054702628613019193105899851259186134054063401646893310279511852362285985023194256261130200364327765

14.45481425277268425967912022318592113073654799435479372234984946557635298524928986475270775903007614226308957483906352410478214017

13.74346509860339295805779223282602038581645157298561566694312725877899399833580343449123423978324041306898296370602703432666875137

12.79683388207353999290062573999831430938163835091025305763112879646646893235082754670083576586813823302339274974994511463889003278

11.37656935583207188821714695836937516340608945841874866925609256571220288144598045823907878404794525435668319362206754728337411699

8.42494906270552981315950295416037454918513283053174167824089243223423249287028735932479056267151475134814223720598496811367356888
