
Number read was : 	858732182043041164719797435525523778857591688211869676993350720588497305386154100622532540494732976843499935654615466715603965225574667050961

23.79795785080440123671507441437924503009914287128173098378867752033726369654575691522021821220678716235485497515249672655083019692

23.77722592496133814640116010813317926845092212590051540112215424087518050207214318876258238989795329804217655872020839301985864243

23.75634395855903014154976574018855097501601181673452441708168245782234432498912212970235495215347784164784119238797001950237002232

23.73530976401514105579817128230205154692751867101587821802846445703063227203482107395133179413723910048837389863751912896149425086

23.71412110555352699545692493049120340010479390027489168901641149586508084753823154560115494150852941285314681875003279967791791920

23.69277569777810303926309481665519097924902690958791008734179753423492865889672691335335044917122417005793351340091444546522663933

23.67127120419356448127489947076609812875450874343984960583285738674864333180011479398355969815013441237461208867489454068132059401

23.64960523567056817269655998785685997881643062251665700111215378116251900376631893415038401970449538304481430006162404533854428323

23.62777534885285270479039232361037255314394998583592316955724936006388300783961323044370557102579022272637648836963432058487483875

23.60577904450364162712168011640784782199924845848630423197622513006094870780379906194980848645604336073163837247424716981659979638

23.58361376578853107843877369078289968143020963510985472330802727140975219221608448697011656194022646792542636792774702560736674651

23.56127689649191154536477668450258550402956743001259147414944712646392914135963328488659835612074855369618854776409974839897050979

23.53876575916381233566423394336811711598437532329963816626389848225393651007293424944782027245746780890475196004269929459074810138

23.51607761319388608820367257020639710409338103253908301562009524302115340003557943758489254052331046205789703596061895586918589151

23.49320965280906851780484071857858906076111211756440668708994482644048688680231422348664801702427268569724506065481846010713701714

23.47015900499125482918467698871871221372017800599068942037358018263077900243972755418021329008995651362434617591421782570807236619

23.44692272731112798639411154597841403525917600053791547149226842465913174823720128845351989104860057382303351703463068916171271722

23.42349780567405438041746305668700165805926317779503287594625701412936794325453534478335454208946264303170842220951853276808129247

23.39988115197372841101754606758990458879399156144794522810065443222782749450696341910967387104948363113925368245638618652818654435

23.37606960164899802120563559731519960347059807568172217842137772891258495978293824586973761404857978845113868944193451093103616150

23.35205991113903713667666190190646387197690745526024250544939668671398387543531903997577096085196485618196813583632590782458105149

23.32784875523174701386832611922868713768746527281666778321529829634196698873824878974385897766163125518079444788520911562126348900

23.30343272429996532941532288188735668724961616604995775424664915054915270279020707487492963160546936609243563981239595364436522598

23.27880832141973796535633580055828214711797384105983500141687261301322759528107344838805736425450196487172106614476060884966205552

23.25397195936456229457897314704587260192325512207292545855337028437942757531470882399020616798002584589471131905762616051792853070

23.22891995746914049555853241881407720655908695402800216471805113788449823305249236465148061143904839886188841510871468807646900516

23.20364853835578534316741813411469986886848979884195791652078121827523694274814777994486089544067413472435621028433178623274787663

23.17815382451619666928827712793903795849107850883502080124699273763213485991850828126285211960164037113457878394450722950606704598

23.15243183474087233587012330588314956755857139192171557213560012853947909841370150066884904904681823700370289458592986271836394812

23.12647848038793038979357637743804214627510556512811372264627983458315009856288536639004411091821755435635877667139362022000711275

23.10028956148259662418335388902127026115149478402279225448549770339775382271042704253278474351526208352150813468634656985620750936

23.07386076263805094427784215487369252079797098944124551420901567763586660677421756516732020369229001327290977227805395680632321395

23.04718764878772370958661288838956745943133297419436059539084744328827253739029576084387907426009308606592857977455483252143803453

23.02026566071848599647414896297475167201512183762599551422605780251677727228177720766037377718730476200638195303346053453568838473

22.99309011039348174115727542830378431547141379338183398327284517959885115377705919443154706923983920338680335544525885578246898834

22.96565617605260081700794948154897715548989745710017153584900548691128634950299702801589249238725196258043293566202842484426438841

22.93795889707778562607548366351443315366472048945852219603713539703254963752841133566616451245259814111596225684049538854428144191

22.90999316860949484917640674707991588949613168385370062280988032727224076962774825841128834235905769765436167755987087470129367601

22.88175373589971094706236303270312671318422095951920558612087303819713588835895498393696266859358137377439382662320159849321947929

22.85323518838586691733974060966653830707683582289053521381513842732231340943679288123101940215260227480024113419095775742319010059

22.82443195346897593074622140983846753640337678646344683311404382901212897603423567941937279486926874471746389269725086839430886959

22.79533828997806753629278446322203245090896130934045699155350786571491627087967677438657477648414119037797844041813193236981564084

22.76594828130175801355922290550515783170227039851559862900035868336898167090150865228518415537543957542953736118451164586500868436

22.73625582816640127659335123109330353042217904659049705649421234260070252234719655178293604189802415550798252818050199605426417479

22.70625464103877069336098557659090455985877322798240545085543199556786405497775556122234504529359278998028765820996874997688406102

22.67593823212960033487943648699260508565081207914901694058247471415330606208366656059339153441407828933712913426736930151329392937

22.64529990697255457479863642315405478596778476692647268963011319743690237113705449880813522808257798247194018281941255004137319025

22.61433275555128426177631582412910045673456718280440854845754960318853080846122535532820150287212349678086546687364723687769618149

22.58302964294515114237416610112493791650130255773784362226629703430588603305634320525170614226744172356838366897516256872838088626

22.55138319946194346122913850484570893039048102973101685556034134410113428468461527888207703148580511337630185685914391070263926970

22.51938581022344648284532373646309397260051952409437632369817654644573994952391705083371249538934066897029943328157021415764510093

22.48702960416705189787434727270427533639943952576136241825022584752190491502966319025982173670066091547385972010519446096606702815

22.45430644242366712889326322715757484153737772876912955955862969253140303908278691163947551229627139194516219288602568128129586819

22.42120790602899430489577222148937902670478969257543877521895707846010963745300726764165773319021505399027687124212023479381283513

22.38772528292176122370546889134272013140481728896187519023851232687243718990610807323407168014451458867415926617931490521873234760

22.35384955417867149431276203768883515583556157981825369568099043597163920186472365808906057062462765393769694479645155844698885735

22.31957137943166337039170907771877605100104258469487786360955115774254890930241619910941251737217592016802505276132247750804980744

22.28488108140848722078882165354372456108429671709654027694513539675506930566023167815271912456958260459830532508544574433261020176

22.24976862953258611505770486631008779318771928656890700253523052211127572618158054345990942748349999385868435353641549846412372509

22.21422362251274323872087474353274637715411523057996202614477500503111383823829493113609418411098087046703334340909386958238063205

22.17823526984688817807163334103637641603660435630549931505090785901740601597008528986991071835328569340463347832721161480097605444

22.14179237215776880800079492499096949942669152531312824381348918869353132490014308152175405840325892384462297656447034491858104896

22.10488330027082610135216015739251160794885742307670402080796711558549149924955873034609801943478491269259234641488090858553391326

22.06749597293647564225034721275973645660105824483312977837652838303842796070488026342502312461588035432257227879236397099000471159

22.02961783309001188205321518612569368914013973493436316220446797152244593806947448368518948972106206015021663362026954012543604556

21.99123582253240686430341535706098349167927437828450092923647355672139005611240169168374427279996681812757186624842377494531382890

21.95233635490425803425054512845974361592856354147296101988814200698690981212016020514465254940124628127350919466532890573784743093

21.91290528681291826090614830550134884403925823706919321983023328725231114747186596449891293145680482090293451661415254340240008787

21.87292788695926460597721326783481068573170654351199160969358722052954676863128864122245759142824218529085254296175547463902928314

21.83238880309545982784571691859332767104192182522000197417214070748518215540442210572932031157340776203956599638380109894770056388

21.79127202662823592701234595253114918680525001003699988402949071369999684011112314370521668776282537884733684544564158400424279304

21.74956085466345845114516764828994579941385127926234133928854788149468735671058523606011467234946616963534573650823382386094758995

21.70723784926675668037674557124584701576755186284863562594220082808389215773989573737462542301413705852385547803302088099758309696

21.66428479369153299750025676488506524251289428752905421099617895235745309329946432669350907350078122175105147660342257756035391331

21.62068264529935506306204521163659198835628407026670533176772476476960994758803265839436313792756633399534734357726259592489504600

21.57641148486819466184363717268237754592680557045143074034828084115868659273727575246187302728630776387671519612360419444370281219

21.53145046195075432529682976180097407545417153307900028935478419578315047139334464940726097916622066150545838664272541536813300927

21.48577773590769239808376014025772621088877792859948809617221075528350273164179342566210345011160396546346414154115605505854024529

21.43937041219830953726723704668055678647998437669951045311917509733056714832510305913068245875575537366582631224888327434348487836

21.39220447346348629970936065578029559831810191087518766258328379407813604341724464849186944802934759250606148218020335485158378976

21.34425470488153560093197426897465939288057587617301975970271142900481717583064797071005157731719241990728474025644541288703629213

21.29549461321618897753307077667214173318097965429500588221779795916489292535124330163067018668532432002316175509315532627603006741

21.24589633890603951790537160493694474448427224884439466076323807535580165276616700406398158030215735322997269335338669120957007143

21.19543056046508606019073831285140430392805652450429239077526823538128850564211332332486729886482913200173447035924325408395348436

21.14406639037299537403723190199423549646718695827083981280183486544884054830225097746981587266203009889604359127728712282544548461

21.09177126152946965431283794654834670289217808240427308599865621032085406991268682484374613700660993092448088901566044248488820547

21.03851080322748206989716474139445349412319910642475970113447179928409003843139612319146718840604282346330548985627612035698352220

20.98424870546251695624404721275922196540233121196478247198189444814380388260851314353889521462766560405378086705691635048090187358

20.92894657023621719230336395948528131143686066722687142909410750500313659808790095348102204764513947563277697601260325701071759577

20.87256374832928647762022868598506617915496428525014408163809600650091285651930121047901774226693424303302962455463583069940080136

20.81505715980566466167168199034748496287003169040480114482261369145567710711049522430969234166992088446049938930579323054405829147

20.75638109626253048963782190019212054658296784341452024779663740557996218941647001076534849898641774869028969123678095961508519427

20.69648700255211576859295403947684128107870530969479389687632944910276069269778540911163570495769689064508904021628917411783020426

20.63532323536379267590180544637313605595635767681674986741787067337464160374773071102584716912271801703104957177747394275029606208

20.57283479565887714185488437951914449529848994220376883862236266594045552555872382173877364226179685826935619494965074279724476645

20.50896303148441730565113143671640770389620916235457743979001961373388900324155881963818381284179641633563613676782446389699307584

20.44364530714160822251031841633147782465616133456697896863352716947881424150605079636884072616492037650131309806532568183826498780

20.37681463403177990128120745005127640435081102344826598675448098074828029831528020680024501102097849865938432435005061267191275796

20.30839925772635522311631535819285095659488418121463232331864405949791589111700736488973270600521949862850423372406861790895560313

20.23832219487968213682379181929903609409067522428064283938367319531285903634958756223496411996520023430848381929853221885400412727

20.16650071249138024214120345010311560116234364926149118654894890932163639680350543370236122174888554851051249833346511369865540638

20.09284574068533428293231622346382060793535407723144216641899532168790693455570025000441278387743211564471115660132082778603586014

20.01726120855211306084438128682038293392571139535211167561908113385520513375746241203166688927197365469897845717144461601573072925

19.93964329063236035070616481493252060248159228670589385435268541203995645690892880522360246197715573625380585825481123935464505961

19.85987954921374468248619772933057143021018268657014961918999874455424028080987470795846814764905134921984771602962570979288651065

19.77784795466180912617006829240507720463362112695262561056309682013710740498389510474985326291944621519798753354270532323248304930

19.69341576236130508796097198742728038399050341179101170284507212721541528306362583535830094508664899614557305623544405835582791421

19.60643822032159190705716320962152689503762222319957998743990017443370351029457176339058201439744443435095493801688793772259378594

19.51675707585130680525455111377954751942308981809757823094917252968331386649549104339144894816771268775081970423968974046152509072

19.42419884260860672870501693915921054082026818924446297778673617348488891246139973881552041041425387977335559881812089507564063292

19.32857278035084753698402756241295572689907862178799244247136239906755113721932428891767720982544240187794885572817950357292472542

19.22966852826002317643881865741970579389680125173676477578509094364921822554672066783574575856563925385101633469370322798764125901

19.12725331801942763057099361504222832163840140294593649496264819931031360257488764678810959883589390128297694329943733197912939049

19.02106867378423115615015829761637933237476834246181788296991527851184631739648951370143781164395118608716605369095759578004052341

18.91082648133280566319962116541129377086780240162661994626085672256583837909879030825567897266290170613437382397904174238298587420

18.79620427592240447567409888069807254946727849614910010074967538861735451414947225314929734719664426134662865215058794345686763203

18.67683955475450571851668195792636156478430819169490231232034276596338586309899138434392510498604778934166132472670706110119138345

18.55232286126016027441594949212246792549194873041265461111273939134044593349199761467557438985659065155104240211100187247131689602

18.42218930851544900839127720280277875298695668345699883584734149790510068643328292016416197578586207581737633485938463697415672235

18.28590809896344440123973229995935099873128462612321618178601360983490361962301920482192291080484407418248405508284182037707520369

18.14286944373969356413077778074161984908995013363878459336134487040956035918877944132622422191800311890642405930336547837532803851

17.99236806669855357897738649960188475857693597982837238998203232923844002069636898702488426260645849047553953542518751868942927457

17.83358216379499743824517295298004026923097700096145710733530915781827270104633858889854001599185179851764544540758855640657377679

17.66554622723066666587298063848854691970023980794438891015473849854342200498675067017901114996468104560331465567744752248901207146

17.48711545381060591815493498263963938931377846343667015923287641334230895443099059783706641816943454588820336684926365365916472910

17.29691840220124213549067159745145332905267818554559855895564603703836532157081855576564272828331574132886847771604719199521861033

17.09329291178444471522306994523303877881576208106797774331299053743459203431162802137669097915344941409655175679524437417031374747

16.87419763691186281468698222157645017544667686592696859276400886395386401981288305956751255297776879450604117137660771756206142592

16.63708713673947471282612242061535682211578153308809064174182685054110991524744180852945070508600278341822514735443303406550920033

16.37873087145407237444119408384736472861092115313112737477746480173902984995407898951188460728914069030278994546514356921515872457

16.09494286324615743055539514227396599257589568207658219667922020920005958444614097825505027372185245411776928406148284378789845162

15.78016325009075033702684201490649431994825944713108723000469336960281573612413578854230092402759839406102074451683883876726803338

15.42678222355559368278795479328887528938793966998040963116129163419235673204297181946057363468057390163315494150567799317376912971

15.02398889980520015535456935434341029481071637343230261023695933192335047760188697958005555529536434701610622108752265106360961732

14.55567785032921022313383594056799651353241751709093472094526661624028799184425527456463894131944418822935722832701412969330250493

13.99630237467135390082859326640706066771278243280134246537817220907105224383218648650305214476979229819345833185471238002175019415

13.30165154853337100010400473817383930180899291325788046382941339924839166348282166069195319990006950946648822822519538234460368743

12.38458090565980000376868696573657925811442675165866470370992677294107877816047797744010781189171792793402857004847788366607973796

11.03104243586661560587972128388904118558458618957624748686010587955999806981207489522338849440152220816590557757798352070413476936

8.37927311641773187387390025962705272220710202163081511659961201936410012908251603516224369917871326729456099554017810412745086358
