
Number read was : 	573181695279744040722752497796884110821668896088463474796253067616019746208059147411472008371938304999708139847530116878189382292605755823256464766762756966616982842171771354608594096868771461572886697

25.34197718750402975230622237238889481405239450094643644707954589545679751716576685273542437232819918092925960893418122564174577675

25.32749747823838491494971897844647894176470111509570171353837376594542788606556096764231856917166056655249016505520213535759802728

25.31294473903504943267619538263759213101087574774152920467711506764961852975023838377913527359045570620117215597428693608664246516

25.29831822948985328330009491395710704853757284890312081899726601870589564254994188059968847628039254277466060905292255505100998342

25.28361719788150290400485125929735200189818554108124311491594466507162482510216974629036527342176832057530946971627330202085293691

25.26884088093975564195429753497253871598683821697589701845884193164580394080192663452807269448053894495910175330786522337261801253

25.25398850360762760029841837512099634427772115984504113974309852689370826674101662637984098999944373163524225972675610830923183532

25.23905927879744964728355977860991056695091924661073147102937831331375768021757123925367753798363056598168675499693909420321159270

25.22405240714057961234444024016718818098218368506469470807023702842408467297620337164771036592734945452697705509635444882560119130

25.20896707673057166715411295848082655949553644586302655507464388010970192010872059956735653593748130590066358679516904337276794836

25.19380246285959656829606695341267861437069552435004909170663508830073535529082882054258839892666089867811283646377931506577236509

25.17855772774789880745263127166533240720899426049042134104936451104126848510426598180836538071442099942553636183185746681719868728

25.16323202026606875998233139150814954715928713473164273098683634535191130754137352442014166933048337894694555299794496184098615358

25.14782447564989962790244661077028220470099483918945717271547566592322613793262956415885180669883867402718208636855260789829618642

25.13233421520759032218172223798888053911996242268871946429045911124269058898182538708668289458748209503373097174299517014659032307

25.11676034601904640457570277582959157043695021689935125586807073026542107955580549189593849744695244780638819004254959323757705648

25.10110196062702179275797733189367547612519735490882229597946841563595431642302412761389306567732797652677202914859997256387100398

25.08535813671983410497370261332141640406438087019557910361380761831474993298853049487250845020517742488630345285172153515429442703

25.06952793680537626157037576733020868817907048065980825178137526493491187343604886380166572411874971093354596335197945929579908688

25.05361040787613624912853869086044994264347691550093128869875858053200419143322420885201663772587066503312761675517729695998605920

25.03760458106492576591743708041952798038175828138889561949487950132598630611136698009229587808006265067011930642587503127354008648

25.02150947129100678117222191724836898988816001748893614915432144636777239543071118564157764096120861952427395656490644893146870946

25.00532407689629283061722393529115468890498361257734756048575016656169458153892488144715293499483771947076239500329654959409549188

24.98904737927128910432399615220176698973059640501329338577436792672074914125435792683491378869720756045975353890079223882830837287

24.97267834247042205856147269007721490581287358238488751036738684168770177312616161807724670222400065091538374328065672380181360040

24.95621591281639529746059137626130505393378617814734117413118700755619421404387993092841330960201087350053399027386934643106714448

24.93965901849319393335520222459545167985612477195128563036407075454649342859044467392046446230530282687021598062929383814052824294

24.92300656912734431447158944951066519323353958753176311287485188994274594636810204949818138745662490907584436308381832840525314761

24.90625745535702008117093219452067813357248097089836316029592282876141060463260527550820284606890142443928045187380586852579643796

24.88941054838856875866980645563396831168485532152823548601990742513397601427764468545938619336497453520236394790210242085049292462

24.87246469954001562160483200619652744794880798853556700982530690376820944213933319166726571858320356440594614116782162485322489578

24.85541873977108320509835442089707107292541354051148209320787720636947102174669146285974740544783167356374256448524083808851307267

24.83827147919924565343229461799472074411784787640198485950342204696260035512081076432581537682646685329148502149995919285210547780

24.82102170660131696690600374702190126720450885522879821439436013355364962070600850040039445446002095468795455604783031705124034989

24.80366818890005111668448514858838090629649952827541259979648633432570663273219250376594035126635768103586297729840392715984675549

24.78620967063520989860643064521979304062242677225323015203828166989112020318019525314609970401251749826651410312171512131349633026

24.76864487341853118818368533551061388499735841232084447629179629075659445306829142507707265290486208703711051060008278061768280450

24.75097249537200596026198537595064532008154105299262535918644003051713378198195965609459955965984275364087806332496086196392003747

24.73319121054884689159785447963941119848301650106381446189483808864926790664791317213716481159670045162867209833792493918909832659

24.71529966833650459120742757282456219393094234800560920402399797481057878318436082978820023997069129367228618414569818640840609091

24.69729649284105936704677425176488733284783022381433869936931465952799065338623380936172005849171794629388290545194141568586014462

24.67918028225228690661320001244321759539660110230146685769965353295965512966853591741449270404139620757546212263011646043318185577

24.66094960818866521221587039500390811481776621969582593394976981657258495792679067822544211327794504067227588765987637315106168131

24.64260301502155751687479732450714684857749625396012659400756057089548682139556082894946888437902280624323905677963507152669303474

24.62413901917777164065442553556336593710529014373862393785975281115014512720928070611239577931048700122748993369006166427475702495

24.60555610841966018519284297272956934938438413806995895267402074688654491037197951437477810602317372281391979331820254394711693178

24.58685274110188805640077683143585958301162931465762588128542778567109937471700858027023241599260406298375957858513711802436056725

24.56802734540395390970218691825411587343946974243531777170536311891164668711510455310030501107623054243856809990654407732830188936

24.54907831853751011982622872785815666999419657409817182616555185997463626518888178207293650913173687094951260615176565051439692472

24.53000402592748167063191775961370225297712925478601714908822751201530974670591803516637150805438326238880595000511945705581702407

24.51080280036593778427326994253794979845513208496910792153627529013212381196134391623528741139945149148209996623766918148978449064

24.49147294113762105785088901015909083483753225078474437657659749248982299618163214540014931811178917201509486623089047516994632485

24.47201271311598717034914597875398744659700552685902947601422761210604400122396600859975044386063787694257035924967364546415726754

24.45242034582855368652639780356562598511487749354372093051109360507285721003813527604640729078451291457336572181541702733527627141

24.43269403249029901234139518813260295352311953755399646622596347954121792710078486742685596195302428133388651528877357169189150666

24.41283192900379186610090690480609880946659349473614701861663666810401503342481685696661371669041549481956790277858453792417701261

24.39283215292466761497329824298454071337981205137786821976827066687904610966481897291585697400303876398589530929124437429759737925

24.37269278239100022288342857600896886008808340514029296777947532251777484270331482523131210304230955953539416014352800994268974581

24.35241185501504713769957242485501424607555669262865915957033328560490288696550780522201304777962916694050840059434760679748716963

24.33198736673576899884726466753299044081948992126369466276030898269846681454838861665407743271613669116895285685402981141312994460

24.31141727063044630671855533309063234637753865560214095278367162664325985816135210044599211148811620642192941615756899002492542989

24.29069947568363083452246782728286685572871516338738915457143511623704624057244124739644491458217195206458108073911263630495747322

24.26983184551158038064946415825724199298887017170568094025322479214097174611069566064845782232741035188361612069450786182429896370

24.24881219704023101383666202419287940221173946736409871003876174692284486128067792653107015972436231347140133983628456299944806883

24.22763829913466102167229737712293077714220365702419508241748368617894749521682196058959927475560472882182660110564207511668972792

24.20630787117789492467271906094944544629614187273729624405172799033565852494241006473983379263978963477702547997350808240597040005

24.18481858159678368533209602019982390409513824420302667163009918401965826596162516137757071122109471045463541591039664683176508013

24.16316804633257840546098999933382155752044462878597003997331553284280138062137596563372834049178447980499013635530025581089769474

24.14135382725368863010966696855171057008394464687020456804555530866530035467266526154056776165681008698464885166347677392775481809

24.11937343050798264730808622163342183923486241864418521800239495059404051283878014968161335005342018749215185739904197529959782259

24.09722430481184512661440651341691406711788032251352394136551292349104537690731975862272800378432317582032354931343816748882605423

24.07490383967305667015089907815960981960498875764622314702981641223337725793349387551633602297513001323542256508116064200096658540

24.05240936354439965248060600572516906496661767446836200942712746385769443228496156520072064871150689883051100500307381922681010141

24.02973814190472443229349706457959649329601798017507770744560654990698810260576961227187122429176836860653620994576499370358826451

24.00688737526402900161289145678276901604810089084217236859226957808996538926982361932140646813557133243278258249765126246369212243

23.98385419708891249770217437427868038988409412581544962756826408368271332319234492198752286503677883441493084530306580216664980950

23.96063567164455796764020800309364771350134066139411057428468443686084423535686140609222505697237701607982609147207562958141287056

23.93722879174918150352124625215960041419119689902096043430471002740029639555898471186249316791046508041094458796482537493699764842

23.91363047643665219342021078626367912791397210075837692991673897721221874546222944666497971765123877875090779715088671509913260403

23.88983756852273941571420124515568495645110618599835071538838364189385219210250994100860433006550052184483646433930223018622406952

23.86584683207017956607411024606730511965711772025920431355802915870968301604870700248704363768817614756242338775473942623099185744

23.84165494974747207256851781613863179862926924694863959889953755870240419034802784247286153340807791327915638856287003739938279222

23.81725852007601332422502530150669979206895473771480261769814240945865010148029736026292889673775990663465728957671733750521621452

23.79265405455985528622078399471312341966450726430438429806977784878471345883213335758066259468622647942272442482823765298186331824

23.76783797469203160785589726055364078933539722060290826866989811233817450525166801106734947002902111064153220824336657233845486973

23.74280660883102617712832121615139683336672523699394296247664942492535826987154412407648365569619427099655461222245669299448597854

23.71755618894056547668527427941176400765867160140896492395053008474115922069422595605360090926631824174896815529976695009737702337

23.69208284718549471789224666652963304275171682643728721184969015729410979697826881368762260780736513274423711975201517770896475468

23.66638261237604624482954767513618765770412341144217227253053614304377753135535408484494989396983726316333502402788918599923581509

23.64045140625232486653198636758759080587852949965076860779272152135824413973946290807802730236832942195902964361286774964588532837

23.61428503960031576793838502005679756186059707246262279457777693394340401996316581813634911897695309255872378256832659861975125557

23.58787920819016362727294303617142194943564297393217363900526606019451296315147836892188885063005169601146702646461396785648222546

23.56122948852687345205142145048919100267584634749297188642589264192451677271452767413664865773183857582035851486997845395073890901

23.53433133340294086295196094561440485475342245703100632853977456650264747428699684625687678529269743309182725087585017018124982821

23.50718006724172841307136105603768012257870454228873569173283614721127614443312771610508897413542073665555323951210165518418743626

23.47977088121966083901633186334838061097246682672855345319064540213446842672301721968903891210102013856441099241354498122008427536

23.45209882815451141802071494029164688545333573000046209865653225885654274685105344950972245129644579593752290318338860299615864009

23.42415881714618881672055839636016223318404793954506189871942155892825379529140660005014192968287833786639534091260744910606119882

23.39594560795550356045678463830108311391415077935985893106750276986225972070127945706297467450293640914103562880065593547327417130

23.36745380510538949244971756444113100052538299791024851593670102766160689649857016434801010814471653999564901361557508882172596836

23.33867785168797174481206172474471682423780651330602363168074395685738550008224669681674403016525479669600505574151924787554418901

23.30961202285970154177464147402727063599816531803262657926261522421735211956445635476117919859697606351995916470025802634384750576

23.28025041900551162304913100365296021601435460159743048863371961018676496421347696251967800333709004430735988908527590709869640530

23.25058695855157533965186787587612342386246756914945111220999836824522739722216886505367330497302178242149122812806311163938291463

23.22061537040476785292151191579922508827414293874242997299405040625879636159985566328058488479302698566893555745210525186944868950

23.19032918599531855257292436413215610410276375265873484761722688226903889147083739116588363721038169258127392098965324078132195236

23.15972173089739792584801799960480313018759092431979216663968166230994399685839111194815607300265902292774789135701328994475287867

23.12878611600048647038188437520709719594100234622448207676505934303158364814966388311590221697585710618215232721556582991186333557

23.09751522820231323073713230630640478421240064711099978102698364744498032093504417486822047956141591319157234691038234466894824953

23.06590172059191095063705324006402454226308420921163740350267729506344600187183440667263526182570323951827730569703254459709479273

23.03393800208889566233197894831797878098610173936338315873286773353562500085155056454100836490878024112975323244918019478484651900

23.00161622650242076906477225578604377786757165709796623659816211126443860840796299889239375221993259991698726944386583813804137574

22.96892828097035703384739207917317234627592966578621344216098718077281590553101768043367468043641223840487814430273563266167843754

22.93586577373608544610784916488549805965082726025058560142153397634882161042640807158349173126439958182432201059750286227857727335

22.90242002121683211699981478346107631653191653091843583654747652022212316371114233309767607438562986030955602267577918182059149540

22.86858203431369200706889170079629770646228338531843697384806265615422180389549164183980532747647802955255478520566238613437259876

22.83434250390934696850841920225063561753946289988204882210546885039083596852569540577621822334761164414118522889470539897718957473

22.79969178549494416486619753868639577387317995896259378487824608050191822009684660985893845603034284332320847310349507234614992783

22.76461988286262032988774034149355690648183822398543994894101631884534143023954884318286330655171851888444828833396460632579226325

22.72911643079468610902047094585787056505419439497852293239515640171328806500884765392400744854578580350999785310983052387117221345

22.69317067667446846310986843688795587897128859265604531817492272542226720523858591400304744943223997576699412108179926631923032064

22.65677146093718538951129264884967365837555610216646003893057275395072680485486205481647468241128702862583759793108132851558739296

22.61990719627192659483409316879522430306445558761091599813392845858186379024189228000847321768643933843575420201354219488619502410

22.58256584547775712251091389664936877303304245942398618408566357053183653401770629346049854951101858537710974164159654177011824283

22.54473489786805914607480675755224225854461995154304969819588454026287759986171997453338955637395985015675122258784007222764235951

22.50640134410737920882814948418748407248834309054211798229028307042700923303568549751746345824076390325711970766781747077256674960

22.46755164935413932165947439456206438739537587006636913790670232862301231087497257941159445796853728611535694886001595798822424225

22.42817172457047025712606498900777460806094437442893553734582241397634646516897780917005807189157847770745851543823953781797878671

22.38824689584698576068783951241825428365806529174568363422123410805137416194331999918112281432733054788392168111411775665155214716

22.34776187157536803045334747613422925161031463836422822223265618592408940995535013753761865814944374895518519835425794911857216183

22.30670070728498434979525750670667997315773857673624439270435073746562944204339629428366699530768408124909005920920644067502711863

22.26504676794118125428225185934129562489113279175111826455198238030849444269201201690264945370443281002985284497228585760543483415

22.22278268748215218724147294561630260453793104034722634824112261111519813384328507051234544936142528453284074533757225953573197001

22.17989032534805634548570418014249448803004392924630725419339845850344751917038652539663185993316411217870420815635905250478661787

22.13635071973004471575939625255631855731548066190614944047869050875186519748552460136708055558227787715457554930078205990979740098

22.09214403723763795986535465113923069542206362008917096160495483622619232622339567815499327803100670104898094145555216865112095798

22.04724951865005275520920723345604161834531129197369610158423056384992963616119660630027741542532538820207194264770637804165324763

22.00164542038007118979876189612345722266725699436937850196513172449964761039904861684047034479449021591458720787189238852155193265

21.95530895123729140795924490863169683042420899687819985769538163707698329445144121326715556262618472665531265330095295399479310652

21.90821620403038832830728753701136755202463894592986347326142040517137373423218599147207463824370223673745149187155984859115806019

21.86034208149453642605042388604717228883141543478190651181190037370523079937661482762580090384813723123806318370233731309254986859

21.81166021596945066328714639472589968388472288428588843207845830378561419049114963526518989057294088318631464461414788805060734429

21.76214288218447110308471212141075510799291715763573503296151037996871876144542571241275926653246424773484771397790859917787501040

21.71176090242844182226408428684076896898604046607868235934181824963992295041287953657244014308399639341135423543350237979048791626

21.66048354329227230893956147821590660075688690858828259272872011873656544027115015491330064589764293584093663320516060239639713393

21.60827840306919768044615650181179559739958276269190594246574385168893044261736646572872494041998676251403355958549109540152244580

21.55511128877971478939967095126682226314702023495864207683409382412080803475912408973093467878953448537132207130094435277781229018

21.50094608165240134644713932621560538890319914189563179673024586917406791797666251212961089848258674635292525302486046268336297329

21.44574458973527115008752729492756656853185718808600226875707728784234389273391273070246307325469314315972367396550369232141584856

21.38946638613133092451865376446851317066996690169202519954747069179382692790194121461398193700343468995295906905580916602005395184

21.33206863114220738705129493864388717759649582035293026088992192154690205438387419264063223186317679699210512265550684413373490373

21.27350587635984352258141327413995525590918905573587293970309674441272184166945222113126898464990994098573774347129175160486037269

21.21372984846196546298008527587135308385720878391363569073632941808659682289184687420670753952440700527807228928373706856144460344

21.15268921013459663806657025733544421489450758445476012842168626630791610334121940197318601612205606916546071039195782366947428460

21.09032929515497981724215758957477999467109949333459616701126894079215294989985979762494336211725859715556613048100922616940491424

21.02659181420942693269999744106295757406063765846953352732126698822906816495854995577113902714980807513938571048705612173147720590

20.96141452747883421815339784962748391296055347758647510887144010229815619772893146633986483541054720756744573604176287501231944041

20.89473087938261883447938219768111122081953218940191073275306169427352911595165014402669760819264574336798754116271079296156244529

20.82646959010831074467143410497231151544511366242592243219632391881404439463090029788160116902237251415017175123197596089211254841

20.75655419764245486319622003458200065961237489099468013962039616448690656910470138469797650572557272474235892441095231684563899152

20.68490254292574080302434428198844226114407655136442605289304991589373659586940979605022416206814143254384689531939539406573017359

20.61142618943984487205233934189974889916730664451603724714204310102013297463877407933238815622963571632230510188845836623707286870

20.53602976694294644019056372233643899838248733175277196240118925368792879005123013077725309069759256089539716276349249021838888295

20.45861022713880848570445842797836930473816353300212568129096281989091898040743141192365733831637143625906433161130604275348939393

20.37905599670589581477078913420213269831903801888507310734255433991183602479490415265834703146469023919660377479953008637122466752

20.29724601021939564565829796838676167209796704186036584110764275633949958331765029361847990850406730904398672555101490840079455906

20.21304860192957296797082144515633967238598559098337919544306470777678777654528310466217792254690372594873350850526788305286135233

20.12632023093171091513105695465388167418248734417369804937551369417236293468265905756331957260437884023640158968682685556942005408

20.03690400873630153871476440938117691468325795478804643107393793614987798222406117269354853484307223994547645171576883676366508206

19.94462799130681826418206580927135209952359634489726111619986161512289705150002839121304923093240152012589576677267997702666450619

19.84930318885538056928776728931303814688856972264387465460715879919909631524988058840619264503683784999138755063979933708334533561

19.75072123550904829759956223089352409145964053834050169434925344961463406567613104801678548623089628218188122625678013097032160037

19.64865164661650267954738531766426640775072481088626822332629980061641489866455890815772366991948933628917672900553287192103969003

19.54283857291089065932887249900138275798609044847304750575183188598847866045622630680344803561237188077792122830344465348863961931

19.43299693653561363234117614650982265840530358994216826973594023751200203219826415151075172963036816917756760791926399041025194500

19.31880780205975721510290928301035061342247574170024547596865553727760290947933107874424639453847913157513415258578683882853674265

19.19991279321094772144123282478901681739864076093412393139317627256430102995187534490126284757270053836613385913971008285358472307

19.07590730906260107491604754437893627420082926548817070846563135481139628006184408804817459160921384002088812552659737898233957785

18.94633221592522827646720138533241370778688608122389817967612020481454772474175712981633600893683083945579591521883462220096682977

18.81066358452289682310849175946120532142793240622186132641605694417436359105158336920444085218591832395281181384409725804883140183

18.66829989320969847441283165113037409602755380549983404236218527781510579838259196185023877681675639842720776953959141549410912811

18.51854590727447269404605278272991237300276662683693664471549915142695363821547157629029180870213403445749554811960192609835984006

18.36059214125563161479874338805004095360478929568855176758485255651406800099065896230889809253937976814190466595568163081483430561

18.19348836737936311543058615559207886564816408149519433687823399511517995696708584894115906630293358222794455308616343137700342172

18.01610897074426530610656472404729970994365218206250545063831339027212194272074964678612504375551986803521591228420707292308279315

17.82710694148134709610170459949218717896930104156220222662524711018618052884999629269760832735585998381890214192858861466570600798

17.62485171575713862309242788596813403209996098392357187192656671345722145551840385788142471267621096315654036056200283421703667942

17.40734354466450764530311161740621802851683702782271328674693326876451961679762243448517741494216201119220328958997058043954703296

17.17209287997003148140317222797697519048197703915364275532546888849991518579502941958770166091878218193320662896035439356503399712

16.91594608897070450128344629679320401959757204932100522798771705849395369564636511728054759070533533081320857557435352586325527062

16.63482601618732344239866930878129464627588074647624016268211179680540737648090290747713423171652642275813807477422820319386379848

16.32333200848779557535003737282832896757872698896295297050378980336881074183185612215636409786577903274463076145245710976212602875

15.97409683181680603805645742245900601668781522714755532589291807557262622157526168962373394636799706655306390441589321178915834291

15.57669832389845155956759864562819166914448485061721539942515298214917323520202213758209217429295261255115816038656346444533414422

15.11569550083686582076639214481170262161006032730167778801719952700947863749773781892060825991632587481759765848038755928823484108

14.56677897044199168979192291379129255053102971484017837784504938745154460100924847665133000530772820362647077940312783725678345349

13.88833492166725312557441619094024449684867361077783551403626956866452037143739055760283055471117330888791169174165436272796312955

12.99975111678417917845656553110063510940845928995019244756671012626740668799063116291631574285393431324195335824852479980862736162

11.70944109856433027054018584955181304907865681306076924928359277187122975721479482900145557135503796687110441330335219745903006017

9.31839508533991361386462035049272864463771935543543201738290618877346314100041646883022363772124952611372811365086824721155160379
