
Number read was : 	22979244689805378578368936149196164597568915344852514725968126943250845707495163655633633686094007954194132866530750621779

23.16731891179366118815046281041558168857311278575778508557272476681644280480101485226412308335479721824302499748152402700691265329

23.14330973926540593840370958974368807983433961109036049509757829013087368900855780447281851833159946796305147766751859676700426771

23.11909910987960526004979345073031723571332053044348571728990995226048495512013429467175265688712907150312782102658628618887541562

23.09468361422193462478912164273125837452597178698059453085727737939311350543259602376258073720008089456583455624790523162265035915

23.07005975558840594439792735028453741533458136910108828319103733685167502938462065581807672587660760422178620471053230182997955225

23.04522394697991161404889964831803147874434383096441283773001626753066230907678749597970010755342694444391773980069297327004424090

23.02017250796629395574474203652216912739739926482998717531932650136562725741847902805299628179293615267311437998858245640074202249

22.99490166141308338465789021934715968161750394156505436393013281234910226417729467563088358853647141939068111216939250343916674897

22.96940753006362451702372221397398978986174887259764133610822589514069485218819890074706173040291233473308721558594092391242264553

22.94368613296885508713930033779038839153546481952422076302666512952883183776541559874359224248769610062773392367053308236652013035

22.91773338175651549427215904186675767587150680284178408336183284172519565680319799255174690937198236424297641362664197798389091431

22.89154507673104438691341498634100284310040085028546855513338427243625783896476353793129071570684627935413777075965733371778013664

22.86511690279485499618226369743075151876466836956713827578101510139678025652165182257510932766483917734472327376697139254340409215

22.83844442518108476712594110058344953543777481350552562453573753945914266957561156935130533576096632758472233090989806542304350427

22.81152308498726372377036017182614170532964524854017176944224640794847076799726301393883429072647081241865290943580694539641793624

22.78434819449865113066653053676176063642536083797045607246104300020661074679567543500106119792499250434819185461981591230012381203

22.75691493228924120763827305893367779370304072906682518329781890156083467124063095759833614033712533394694276865403421390889561310

22.72921833808763234218658068732083783331192357320490262669477273523467073840818173548286956264939456159268251351213093126047991092

22.70125330739408540898119110090935225078139159483750103460969158628192899550356383915748199253982800671922737479233584175655226122

22.67301458583415994049675933726581181857016491557399832332345620538672419559264524548407541462342252043058701309992866463648825615

22.64449676323330594515807700247331686410763720354068635428063704612630418981786409343719972328174757173726105815850667683935039574

22.61569426739569748319328019936526051569560729471797707960324578832739693751333767666420179857495688006009504290506135481221318367

22.58660135756941435946873779667780796684017910180281024509101626763718664187984724505209753239067778277292775586560696150069432568

22.55721211757880239269429110903320266070788386656564843878719429593741330135676658914775366770757612223000844015121577003288136487

22.52752044860346181426376071470188858247508347685549651186934270730812198471654506725512435072653646794059433875087022007628968694

22.49752006158181747439726282996779442428132116282427728606619172445863319210626288407410111568003901690338134161136988489340143410

22.46720446921560308024478647716653270227267698683685190992844127520283703264731554658722491362149430769385867329751021038588965931

22.43656697754983228388910945498254540067206475767918643864701653729898561153290153613634122509655067402168120043537670953564559579

22.40560067710091915243737543027949041324336894055654582854562101745906079028997554186663254431938399737507164491199145743220229102

22.37429843350353430799643115229859988602353836698884522297997520937553732548555434794944151008441158812464202729756578515689609186

22.34265287764452471946443236612682324735946042071875936645295653731817243066604498034304176842254336681580464341210359827570692770

22.31065639524976634334303749585037067508607389215846283975659786262657064931524110087203572372754278981784827974279513238549632223

22.27830111588713952501740169361508797464463489933100903784578416222221192992552324436226371581895605177768384869018438804911344588

22.24557890134589462542108505954170605363600968828548318175501515575311222112592340887651207286931791851473081112859588780915813691

22.21248133334948469688971346498115482571615254812642264649916813151615288337884392278302201197763945231343559424537178485432771330

22.17899970055545519265480741820337736078957707571611316536698990187778331716336403344284497653661594696058399816062115950042362727

22.14512498479216626631650758853331254771310351609426030790098416764389446797140015483591558430020746435995551625461424645476403665

22.11084784647794632898833333459745644108395546988966109193483484238770598040958906788883896719207524096377861442802576219300095105

22.07615860916369677139817439334052747780053647154281859060137075713240749481616077911613160132048029795095976892323969342133242045

22.04104724313494328010489919814162162617496441452354135221584819669954432896097138696155979000573740299541698604910953818159374890

22.00550334800380942899248959451088633774829256212558151171128159630313849179282360537994461753309787730735648285498810145164536348

21.96951613421531769710989880183233281781356812006802562321361546462309445999813429579279394352256710831225854574441503889542733269

21.93307440338573907264711084874490644324359897828132080158730293746449696197211290885117273659809514128951500666131143420049639802

21.89616652738334434529336934219449733581897231216751216458993387532709750692499981898222102506305322022836629032059524396812918463

21.85878042605377831725774744276885628531080220794566396176506409974824343670555990842958114669296198670079598684872399076148200694

21.82090354348329212270255254450093582907992210771704446722657641059777228190097910270281630997010361707687906152752352122865358928

21.78252282268312647480378878316077056944376826281723484852787861614020920264397623664828035687869268170942450762714120175128587630

21.74362467856732383896005587423077950791497359782377515388312675686458281161223719136863660832979812520341817939869242899274876886

21.70419496908402835667940666485605566725571774069666257707655173841623072399932863636061693427893947683103025808013370430211537777

21.66421896434675863344569124079272066668110725340670806025875141005978024842359347364968138882395593124079541045102569215498990667

21.62368131359703890347230494618444434059836519551482469568531937318283749265418551196969047567948777850491427419874032319175627409

21.58256600981295294987041352259817093948998138554514648304755041649325202445627276721041300306742657784881589163033570865824693258

21.54085635175941841520997147057412476626155188137909428115318271027062926712941920141246836219729594337951399226256843676509057611

21.49853490325500986771632085688977196771228174862816776329302856966979150800077113383106392078621563161018104688710049852063617437

21.45558344940669220481949465215753784348918344668125489350568882885969646960055319924646026353976584641195714233142209041080350943

21.41198294953752173229655298728015589464522702173498329646938160431237933226103746804707468586015440863028842684863836889385781693

21.36771348650283887260751751837173378261998388752181000433339853002091053815795763398025166113528317837757714146268585030535608955

21.32275421205726086508294228284292491022201939288537162110330927974995491870395490907419021980245040356638194531855824879100966941

21.27708328789736035799295459487704167071422127058616899648392015855733019786390871720543001314481196550675419503017956125532822582

21.23067782196267745132601158491249439999801172679185372366054987405914452294011128540744378816455174562681846885633629421974460181

21.18351379952994986894628996043159229272575060161199781449787887306922182415052092305300725556938791828081577348522484921893362143

21.13556600858133196150341662429941069908554461062272292946563336411330134410000034369700015487253678226808360273645898936962222548

21.08680795886594224779130197657662853467773499317856516852957075150550775956545083181156356048674359795222190631862716085028073685

21.03721179400419866152188022634019850896247635456903415499060808071960909890033912473520659423214065770121703942017175006791442113

20.98674819590474049342759637872974287983749459301048332194273712839986245705236499193243862849186192321643424531884500282176493050

20.93538628067272889006002750751026497355874559546053205601669125448099637130807010410270353630321310325119133666912023290837170072

20.88309348508411214211062133643316999182246346070305420777116038984326990436538270591033593304129588998504960563977083437113040198

20.82983544258084517393166267421854112256307340761024207999754653548769669013515075084544756756278437494471704436515561789468822059

20.77557584760445821439908473669583538264150861291899542458716949286149231989911757922352523970284368027347104310583769506423973048

20.72027630692667290886911599823690145646995190191793019167229655238666598112291312816054320432303452151932745859148672673284498145

20.66389617645225221250621814203024834034961823111454483445280142827116516429966073508927721805474086616201048328526479944151501730

20.60639238175649120054516222977984688394614450690454578796251741903496662892953757323837899213850197804201824511403147801722769559

20.54771922037235097668703025248717655327438827218291553702002949867539613621412521410817454037724850758638144791754751221271542632

20.48782814355373622431590981196489495854519151771258527992355740246543172761838105798313148562566985995851994374573300126332303912

20.42666751490397571756459508425793160435829404027185405365820936028384281931504095428479249533841348902069354070980465312256173308

20.36418234286264156126653769612941292866040292704005614180995172218700949588666715718203841597240874527493218305883483133844968396

20.30031398357778157729231651203058775170037672641546271443308395490095320522719477220272678678112520167304596494165289391826328195

20.23499981014014492159706276334605045500900422850800544308997203195971638106248404202020905908458866383668328705777318932034984120

20.16817284350344524572212112941304749822097764110700700962835687365104315080509955674468272608209287645822106585732525465638994408

20.09976133963834407158819451228601545584488398540600520777789829273791831881301607608077171404005414785832553327859293010513215668

20.02968832654057056409731302780192816888622084936920990550720888717523594270243887636761511349526150063760004607250222523914320382

19.95787108360159993671427095785753175190782523784382455395929665268579982683816546202127078741928722052107936209169152077251870750

19.88422055451113048167778272421875936209138965587660326274003579517956292528877710417305686194584328813061061919683486141966002809

19.80864068324063734331904680433565494347888212876844401663558581818829709576460576582722773855355660877663679551992841669266825770

19.73102766068852384809726766695099572719499936112939243479174456547419189100561211711343594368671293330471633145732839818433330474

19.65126906716300740680318514009442996431134946179677267137017488339922485774183988595855073433704544798620346373295898196632590730

19.56924289292733246161456313130056638925886213806683281912939096593989868177437794562225417083626311063637705761748602783537145982

19.48481641538900201038893851142023580136877607546453272356793560200315265643704481179899116617580004927595686748707962095231076453

19.39784490699276509575948920832901647007500120360879203421705183900711137653418723712565286834244278606620651180235155022466828140

19.30817014223000744156362007074037949978190109532538828009073126325173446188013176588634887373039981117746921802385016021581202655

19.21561866507987266341505063015345165867502756866853423904191747007618454785402057420367751011833482310757253210945535108299264650

19.11999976921695666665212685815363308363767600450496377483136515111677464940596080925943422680467367967716716059716976276886907776

19.02110313187528247745426554448735110326765198919881208076831231521580233148802549740237692913410562089107489600311419321404768107

18.91869602756037229214155581043922423689168911712892674090843539769603948143988732017273542019690560174332729615391597786815485459

18.81252002877211902782489827598642846140470914225163520215207693212728771222765127092969734785534972405471105445041804084873253467

18.70228707604978683747711821925443180995115746248076167303761558176401248970361539132535655750731097463629228285563905441582427591

18.58767476689269577501898968734767230068307014320248570344461691649183154091666134641228856488559221635750010594147813346178214841

18.46832066949839358330958858936332698941498531601403506186283755192313920126189245816124879339197824174805914569529914433735559818

18.34381540857280961090894441395424395177548953357337033979591085076782076057111562839372154149956464286350670635294360111896482420

18.21369419057522480099529604586338898943015989770600129907761778820106946659670880425989310476581640863997797129023739209311247354

18.07742632563596886879713300485095530463719494283791561077434303396356752111574632040765903783328976030466231592103519858687619990

17.93440214951260019680281942354811944251817163545617821562626857832128438490619861180532250469200420017813971281667597644141989642

17.78391653075231278488953723118092608717091704753809186410943400333468734275660294948393249348328477690262749181671441531461490195

17.62514783377319180643060565200538445347417098732096134057161502069629973593083095539343625273095925181097927075152459503980259065

17.45713074728666449730541841882660207040730619884587786011086651424883600502346655386556714853946790652193447199489899591428815690

17.27872069740708460570401837428201127055366127346615344381558996528454377828231550674706794752652028136040456282810141164753688721

17.08854650977525225071841466537807257016272259152148204965215842627706408001318665421662167989464546001099793620060587537119545389

16.88494633244321436855434263887874244387964758110967061669071556341630568914211796279130847414916986029922072748280536368435666306

16.66587917109473652255448459291641947018130146253618284701613810159234710403345336206867630607304692797305421719414460056369285787

16.42879997170815888723784873791822775531694949039602956003727606078930655297249338885945821752109937786831649648283444453475423587

16.17047858994659536309706182188883160019445992837942447597817287300081083121774388490554766623637176795851316812659972386436907063

15.88672937892480559516255826409706057280836866953849799111042153890486619701089635157503807335805496905255853647709123589804607476

15.57199255924864877982838391846091572979508285795712575583729655370081261753702724059243349536538802816701555747730335649410756672

15.21865769997771299292792407978632848997683172398990234335071382314071397304608351170415557973244844235529629139469727833611389847

14.81591141713017453439434124496641923385285276229323942560597511804574386303256208681743003960446357905837641747750103749527097090

14.34764069070433700797635908368470328094550092988943630885817007932725666424092129399300776846582079176812721427123083508536470407

13.78827636721372178846904773683107973076513759392811193265127784819635691902644139450449545943983375979914771498732548686797394257

13.09353548372410379367505423524101225443657460127841157552148312380636542324833049524008521662413365092777878878596600013969561292

12.17599442016848315278953446937720010510333697942374638988576725596275465013093812154031005535687598092050230421539039194952050756

10.82002106252258881085007539705847563987230842702030846166173068273617755135733744379940786189698470895929913858330788880161472865

8.13873617097219585291248424468447457218317551823209875913980013062694197819663206870023380716178148250865668431830190524056041578
