
Number read was : 	16828819009714825874278290582508403232536050187787335351712474694313937103461542795842240502830560226688987833061573603251

23.16628978554166226543699600942644369358445250115408118042709136988237928927171611567124645260807225137532850887233843659760631310

23.14227199482792447202010122626632478580196745476510835075589881396974706022199718927836419261882741942279885357872979302642750352

23.11805260169581440036811222979232321613297173333684515532834809519826411062844006983367464676044640868535972976413133356769946636

23.09362819301182998412790588321205688153764459980402966114165260324056205082613481642263012963794661223983909246620671077633060422

23.06899526822501408997499030369219189011703183229597091316975256022755731296798242885537029771671433669464240925609183682470691749

23.04415023635596234442051569504291067607435723535029005307868024924888257665673419664292877663330931177709429108803290879969513974

23.01908941285506603605126756733720605606669129635957117234653492295517005661883901941012331747482309700801552264799844605713152836

22.99380901632311549701257224530216609107145298540716917679314324911623867694850249899121713236012006234844554608383571180930213063

22.96830516508696398819258554641952707014190010842703761086962902814084081980802206900884063584825595876139619433869391744858031280

22.94257387362249638325558167377077916390030526620422498564892207882391455522289862880218254061513305725976998723510879300047650352

22.91661104881665840936943600736365867403965219541341657211875693754257932867906537422698553035061526988401271347827887926722124229

22.89041248605977817594076487219185013789159280652746267533644670696584409897706892427149773502676360048452114813885577990459794667

22.86397386515884927996689421088690264148057846078121423702802819025197210433939332892025351912449894833204973693747006895469236509

22.83729074606184072009107616741551632311079395410193827414937068102372314518238015275274856373027965142810298745255227311607521634

22.81035856438244968496024232293410723004976471994301940749069975712242610180332501905386691257824213702239581971430738815707942661

22.78317262671401517944650894444766511364855359838207606230880016553456146945778701426948770038525719553504470862696497298295801835

22.75572810572055922520479030134711036125321238070707742570663107168337263436300066424397231389516559901006401494334365102288867639

22.72802003499211342804050353396557077934992169985123977830820149714635631241610272610530958831335801176573908175225697737226451618

22.70004330365061700651640177461969962553256127074290184617278529201739349362186276564250037651561110243344848105869398376346965803

22.67179265069173239375783933754560854320409240029575432790087647663207455613140122797620211459993699674779721332176723333226890990

22.64326265904691018024732694059720698756231298944836570964740494253881543439042700339209526152508249003094317805604403562696434974

22.61444774934893977527707934397516366512332538140908283904543761035059101722136724355335226216519723650376907552681041024869845030

22.58534217338303837112246812989417125406622180617727190775825520098361261882525590453246916884026995343465627073876737618852606897

22.55594000720425047793414200501548044017313787653588264679287641988111545097414189375085320200800932850168794137384636850649617468

22.52623514390054456282568962389276618250897590268755635270312399527621858966741837444540729768222372968200845869798558432485425293

22.49622128597949216715901776905801329319584691845712307467399253234270101220329198670903276313408931701254554238018671622844458312

22.46589193735478763554160069733526632458118460515067006569988408821024514611290674701717238810353184204341398490955246372468922089

22.43524039490710083816714750388159124202515961785334504795514871651708636368030338529924427730236689125802693328308288846799248816

22.40425973959183801937396403220165214493530138553345888963548616073809246944092368252279021959545383425243920579561402051476121994

22.37294282706430201230372736695948090717942787333459770515019082440254395044967757039089549518016345445655852986545710700106018117

22.34128227779047634379497298839452962869903666346035334187778785647300324598991947645698119732146026970288422895632137157139367116

22.30927046660918971249034780494378580245931096259539696191036710947588341200261429717105795226523557380998709183966448686409374979

22.27689951170872783876378147898800993229512574057213424888135783762359577013922006059908300052960513298920473003606833225613253113

22.24416126297802598988637772527994080194877698954700142957158990455968389493682330775155969548556830114980620765935747853316426041

22.21104728968937242256066801209660234495936485227434908367020350257321926903363248064685133866584231211943297453870997213960968034

22.17754886746605241675610047501746667573819571964652074623855012243522481443909937616774183947864284615765908358057590113419809431

22.14365696448453295408192342799020823503756137612148077652315703858122923093442116375031257412384451634818701175091265701104108971

22.10936222685659437356688036475073880590455567655759013427617560777586840916738793260717516643299742948037456403462081728260808087

22.07465496313221790746871096121225406373837251694399548811083705547539857426528622039889641246656489047735632177582853246356619520

22.03952512785899278797483076679811345320087521055317772302215311913940219986887565853564685668033900544553514934596165979422476810

22.00396230412826381351590811915052271607534445386804175137254179972370982279430273427434251253317403018928383458969291727601363859

21.96795568503214406652188793850037175044683426656415176759564476335822993862717545633524963200170925326146489685806258399464322517

21.93149405394880487050542186244950015737132909656675958724441948632456131687036470794503167540316904885559762173988749803134332058

21.89456576356605507776730492639409534767674028960130722623351200938014123586366633728016391522477968267275082658168368282668978143

21.85715871354505420634913922046945799358943959040139000336480800173095740710820488953109845011378892463675313839679465934959272994

21.81926032671697794312542831751597086291981153986381098232989258648580433466796963795727752962398554744974106076643688571210645229

21.78085752369546736522489080958125668949515080108003791626263030409314119722137386206308763280302600709515740055369637203984127513

21.74193669577662812581411856977863643916991474917894641969901278872118969013332258039535074936991981634935441292877421849321087766

21.70248367598607014123517275708044443678846481514149648191091750580676727228901476490431540021931764413936913580710743652336971818

21.66248370811884094554056434760495290857334534452252226297219034837380130247670298253480362871518587487615489729726176209497040953

21.62192141360293448186239107203405609786530767635048468201442391185434125200530569146415847667430910040018817419914734976709499084

21.58078075600015486088194252496154510712833092840770113258383974479964556762055997311664113702114850335131203140663902533387908652

21.53904500293925609913702460424020685831341017275191987288238459022119550162329958538675066435291902004656681405562752009222540315

21.49669668525520555439454525993779871418113155071431079616415845419166007953395283887556456534390809706131233080612641280572703059

21.45371755308483386962169744228054518623502266134508243470785213333460980432547930014857738532256068178830488909817444913884214072

21.41008852864269562004263836306639576829528999855295759971352549702637497626942990002292417782764075285844666794186464111133154420

21.36578965537127832542417938237676590488643378530703828068326542892683800272069896142119459240102786852635677350786245380313293794

21.32080004312630701642963423308844141596919010734333792376890219151038668893441511613989794463952950463116891766218372932270196443

21.27509780902026898203916590030979074162667218010439229786363103334877766326699260914260986786072232139540164833758486363823941623

21.22866001350481556194744350140098927321650278806946135874837061731351396280079115359263137531889837621901902880379225614315705970

21.18146259122467136971981596952775146182152859732394204721090658290700027684328261928481978527418054679312202337379355603447399461

21.13348027612126382912918557491678592621015488904804700912218287608797598986030410382422374808865328567157212727046414624965288338

21.08468652020250462338977368482902717508776239431330335157178133618073063950731434501660214794381388608155881791834609389436889601

21.03505340532486891960839878088295509077171303177330212943859979038518511571579957311659724345666487953926013037960831370076595110

20.98455154725378821713982808389470600201002096401981849432233254019183859587389867482688932158827449176175212112642444377835632847

20.93314999117681939914054084260033007094309366071229970460749591920843354960628638180040651265896274036078618491307334719422469875

20.88081609773921047068716451797998769786147359426436586669114282945556015123070209435809288134318913528897299074080766934724500885

20.82751541855114294249141155436345547548453976641403600043049969829237344953928703385673952586528179392884701070330988923393236593

20.77321155997746499004614217403245934614299080376017827285614685952595497583251129056752574715104252067122196438934197827953426873

20.71786603386100887113388143666275375882482896700884868668268967655983856572256076305677194800849231320839912822941507280375184537

20.66143809364586745606286068798513555360875563634005582662892048131321991207714436523641393678481618610207153525983990428060600491

20.60388455415279904148805974984862931277965114107441002113420210403512443935394267661910407765192187623791103983629594742462209479

20.54515959300983302508242079420751715603523111707279960035561524096047242833309831978419864645822076392453267491152771609837387049

20.48521453145063466186188702584193600446058822156981533572916523184130283976809551861898100955968240395358399446658683779451136453

20.42399759185334292277677354168584917542535133391227499485324738651412310051609113205597743427173331369315268946860099511851010770

20.36145362899379277767310435928722245114941851965536365858957773139336464004534848389110247460101879822750603990956382151940073335

20.29752383151750934066317905585218002294404466056549034376246441861959447170703480688225238677575921003174483134250627748270657680

20.23214538958018670417951821050338887840901118674567764059592669479539916391765337490551342885223495916430511762374575130577445807

20.16525112394876128454300308472367902577527173072715594201188101566368683370514985695571980287506804835262778993632366565422845006

20.09676907107265952420199500391954012943845831148929559837672845003290591809118654882824667704746447300650664213452022378326749470

20.02662201769999145212692655346795417767358451553588173575876698038734685377702351936109406385534366470888056032419051616218662429

19.95472697749220382017317501292790847989147150257470846962348136683389840258617592264645772817694676771500787163626488763336053819

19.88099460074009026579071833010484320556403324877116884003892578752614753366654380562268679831769229142985613930079037147916609211

19.80532850664990988839375502994386293374495383207883802182701110354997647554172368295576231130235648361540545918495039393532533205

19.72762452568191881512619467685542389964321434870872505388135738886687954656142784986494735057198416761229764093895295987840896576

19.64776983699705103533920408837327995635177585966373344895865696971080291985284182160015585881701697133032983588712808795813744946

19.56564198308795478921958465011422416185763563754938969475297248445016262549459442014147120089555268290959694402309132193874158570

19.48110773999216763597389879790316671987251496110106674581627324989222335056426563831379273188878068897093529650720638899442928937

19.39402181691787541702686021430507354609534116816318556596247559811619697347146386970781814897654362021247886095494585913415357965

19.30422535340722614375191862172051633872366428842306537901062359682706137457092099487300037594302311165136323520665213433049390847

19.21154417498919226366596946565733664507305006954960242178828897424850873683768541730991995162921558278893447544077436890165706629

19.11578675919468679483227100135755883834647949439170158821538453705824862189252969853913630008460760450852865839304886517379299011

19.01674185223141095162767191138505738198117667750483612512378195103009441556243078324678396874992560009222372475056674478158571667

18.91417566174522753528869961386903932812815997056614376077479956654026724918071217543006511293915991866808279666723934843706208704

18.80782853183408471562095871142364647084760916418963411957055471649631116459708558101083182747515881898591790730551876923754271876

18.69741098131546934854899511933990668088033487233170344804354591606099045108943899116288186754163286259055978100642184689755928810

18.58259895306131958828533469934844511773338022455209192108000543953888047939692388551168850686505473152205805482481865214645679884

18.46302807800833871857945126541264855561642819117556795344088352630613287768231842942120692876741086246336550528879733186315565267

18.33828669793157543454442578158810584723860872974434679558346161040678777767018644750870763298633445573350375889625025862719943617

18.20790730999482206348161958583543339228014526074040666672962269212238688384226092638229980245665034622490023306935362209357265360

18.07135598426259641160176612434271773130660015823015706315070288918369605513697387713948991729107659960738052985068759664420035813

17.92801914899288906518391273925709794393630627855301907206205817010352895290253713652168889557129619695708141188575807376867119198

17.77718691662027238475671091726119362899171723575831235064163046947861192143347977947289939209046636525200126986773500096035650213

17.61803180325497173883042133912300788488495570241378217188778008658609637764022700882038636292188312382564119554332919473369513774

17.44958122451965004965015597814932848682127976509614605227739773057503428811062272621459329900743861412885071994402546792389185918

17.27068144667104728475781801370715328583607171330516952329116952973102067757665396727111014139233139885742585261845398248576027848

17.07994959452668618805091116849440065299223500913415307836638180092144376046503241613655964674406169188163359600431106492913409699

16.87570862770699172835884330761063249320556938344820356575979489450344756946389402338932662195214142468332872614820367677160140279

16.65589747198734706430064954539801964179896817050709559883292922936553468323902068779541778015246318312727628470514225339114564958

16.41794396070390432484568010023495320162952588214484315750553259245354612968535420416148792539616722700189102260508735321538705638

16.15858043035520639346284080849318783557638681781630720862735788867982458879418070517472187910472281787971292995763615711638176945

15.87356778669145145178916257949145134801671591649871644646250326894469254859735731982046702819475532915088810428799768656603898630

15.55726742089962411500810777155706676951728289881504477479301826240007383743389316504350932296152713287180857198331328224702745631

15.20194759870542986298760581609056309812813179667809552974859382139437899105399167688278701665481788147858037438536362109957532100

14.79659811242731125159832038709240911029291631510410575277305271319625126776666646150441692374331548627184665327312827285138806762

14.32476403090972674568877522536578333409839266901269070342300226588613642993613388342259152229207172514726463950756224952766441087

13.76022543739529498985875341701205799409531572300624803046020313953999563076640029100069167386558097833830467102197224841583917593

13.05728982189750526591249015670458366082165411161893415299476031043750740797527582406120351543933937873713404252092833324056871035

12.12480755018524859915761153029425473547634239323504564987580583841892762269309450310381046164921713592661198853446526947822119118

10.73306526206663218516961616314029735231209148912357106900206043097012584473524281945510882752648354547863351141586206269550123548

7.85584711443505897707338165558199166660682430795640485822301467586400737890903725723599506157259581842781142494062190284503090597
