
Number read was : 	27292265505389362758990127836087020301703870668138279042841132208961805840779278223294971092621187500624410442961058070892348447293115303200573280613029

24.12540354296660875287465318417412999836179309317080363950330275765055045633064021796058045551889567299850201662741896684036809568

24.10619244504937681653933631888983688385815498606529969291780028200216234752051345214624657374531091161553085402733609519073187036

24.08685258053969161123499910526054740305955865718368818869628577861415960910401284918279885782781608587860173379342164050725334123

24.06738221160816226760601891981761829156593424772742929613395200044257618749736768086021902656987254716355956619777663817039937625

24.04777956500568200246613213269188904418871684195598384662556601453698014753990217939534885039407360312150610143323395681953472987

24.02804283109429244842888180499091904868500332066825183454974941711264429999767512351096511352918250309620372948931011574115031160

24.00817016284467328920188394212706465283093540492775252343481662893421149380836525676935185284624876845463223368526967776777596787

23.98815967479886841524592743356635846219967129852121710576114662692738649186148805699440859302057903854793392226725348691636234010

23.96800944199679192157786054446298344126200560371262498688245401808066225671076629127765280273294939206691640884446534224731129365

23.94771749886498555667536569947194677980039043281144116521055791841436707063230397212569469375671422181341076904761561216543132252

23.92728183806602345522190598075411722444089098164120336924598520699519949359821300915749924496363507642408420073265044476433981202

23.90670040930687988694141203815249560005721164234229927689426319124941369597391635159063023969186820097287055250801916713185800555

23.88597111810449104940223477489167217036774949077134794857902220747640675907830796936335008877290895219729034999195255102554970852

23.86509182450665232457161977035491284849237517379992425780806026881451972518136332138500536559267351028785593710877839482218755258

23.84406034176629758537163207469696259177695941934271293102340617082127676500376754764590169859843300086952822220987654247042671156

23.82287443496710673419887438086959843993607392009466950684594518461809994631754773649685636505060614239770497664370800713553747045

23.80153181959828130945278138587911878709505970275082143834956802695885527711462655476070881705947321897415457455795812738182503747

23.78003016007621531006146292903473088226932704653190167548193083278988281106772441929443286824476119489809335861708657830440982498

23.75836706821066893336945560782211927942288039332214032962046680969857856671814290073864870456357638588934703865188607062071158287

23.73654010161292623771654882563368214939856655279286852328730014008699055636217031154128111462895208656110039969206486079266965187

23.71454676204328333162035794386006739130896267785124232495360864990242478487555430873118345737425946347862180811183849756626659601

23.69238449369507102260963923883803131961308033703431805697625684635317481581174968425630756007466990369861453853284385075926788252

23.67005068141226435584828656141322942358992701745171015181156758207485850065552087543543928505036370688506040344733136532008828934

23.64754264883757050744035678728637867255394848695440942206074085373423016786610800754620990430187989676236839924734722941320156725

23.62485765648771543698332520505120985328220377284045261202958078393076036492103090167565933230703866977086395293513015901025630181

23.60199289975246772479883401694280549462932157738731143946669592847019586694514529065552890183711873834069801959805014704884312553

23.57894550681374453744502755393866980745528431254932674225937470403568519321937245365584267161720190625942058164506851528461312354

23.55571253648093856306588547740351884905484056053976083824893315391385545544041463280582140797166544022999030762819399182044138205

23.53229097593838541707782469266563323548772206312468316618127339422712063828436736748179411719699722643044522570763428620974933821

23.50867773840065720193044879352177499657387657911395401903726273646553404439277082894294413794575737338752548965805878594853556002

23.48486966067111874813115466915834678965825048749972832482972663590633870295525536461538574305915122864792672481983380174597906864

23.46086350059891723473265188325848138205131603542341038934967948213672184073840124470698714230081750631748395445292177750039633439

23.43665593442929228631681006573942688141160627747148064784125985890804437550618074150787197094884256619950274009432867497211620459

23.41224355404179080379623164626331159239862354524014738115858711293241355901861072819763033623153831686073009608932700565298152167

23.38762286407064728443549727159205409394829048650551105132986209107414796572767934472736768547978547768109716179859687423902675085

23.36279027890124462820923477755829818180791891353099685743629118414644137339441344153291026875617811171251512257127275507381262856

23.33774211953620060747283369959789287536046439508628650949492239824835410790000579131691118615709927511815469091298185168981882338

23.31247461032422951430871616247022520297995281314638103587916807559449576330179504630463958035622924786676017505792434265137641330

23.28698387554450480236197670803164740385729389904178539534714509299203540188994077844957239914548233565165298010736872555382897542

23.26126593583879468464106559347126917911655737628191851306702468909911390548890147467429032589328715751759891763081208139744772851

23.23531670448315609974159692240578878620510775171342558867392123849451322897387405364272109346742690803849766319918852050687392528

23.20913198349045061118343616864426178113407466890473837622774196234598017994655553778330453058628985977536253333051047376943958494

23.18270745953438570218647945686971516812118129121582546179382111669929418997117119887132966229874196830689168729679004347534372641

23.15603869968518340928630506233639148912846311667438593090401641050234735093782970924188114641129694787963716026954764302018055258

23.12912114694633185057781541021654058623677577505284829313727491454279309814607676939204865480392672608841430543453991197165612135

23.10195011558118007370699110708140895929773799847018276275619496885669445912985382524901485065793272516791042608824291771836124833

23.07452078621738868490145531723262665918667071713485119421158762191118383403359578525126276977724817248820456098540750510840058979

23.04682820071644330981177790454017282718011287022131653671691408722966745117677402988011900236047110305196085348859211490156856770

23.01886725679457008168212169393124411125935543752624747702889704899697576642913781845522700138606792182027293826833783084297167440

22.99063270238045656337902592063402856489476792407053478038720501803773327175008793324402984968665487313884410369276514150979459700

22.96211912969417171062872307247634836677534296064740272726911097446173384833856767144553266421545670335838140843911565175616357946

22.93332096903058808170468642654129029416019614034555584811873652581223701472432972985374681905093173203288352525514212336098972466

22.90423248222943113657092048035716104632027259445745267652675404328104040507097477110977178479979399273241492269636744410833085897

22.87484775581280606163062167650479801339215086629739356461830633148812127028463905950518518741637443224299927212665632070114518474

22.84516069376967331418002825563883685675234149012663869754690692591934678492510655543074549221486986177040082847214474332548472340

22.81516500996525004216531610139451209481726462432131342438737932680467258483604334721116487725255378060589402912356572437866881272

22.78485422015169498927941648475999700391470556950678620453726388348147372808705517164595974722499954762642253898081628231228714341

22.75422163355467736430161106186069118012178316204918891079967860635683247057047709009167337559219186844562850339485675372587161616

22.72326034400852215082282334934859548043628345428466563236767535257826273107044542845305234778626567143181910070221194429774134974

22.69196322061055077345037255415980971283876801304569464260735089119103438016959373922244767535606506586232741748963857559346065758

22.66032289786298056945647669997849481660920299898561915286559755194294181338625068338178155853574294879975753117604323255761604222

22.62833176526829090872727315122111731017702647424304687283389837015322291068282568451197770658946262309722620769363456411097510873

22.59598195634128801743649057816028457633227604600528981792774126447103183346205118098156120076988977084750890529956175650713112552

22.56326533699818192533854809283292573605827962521844312914181190535505629629410603949665408850524141188155231151813322050947878462

22.53017349327980258284971164784202112689686783409325433848472732355757774840533814211194447600836648183020808415826112274744253307

22.49669771836260005207048162206101182952597853825839121860113648999338342164780445204532987494805504047615874493368222939652922575

22.46282899880726438647477654374685679411756855831602808380506634466576993396046484904053194555907310119714856745948943560918147988

22.42855799999062973800829700661963095547764955133872580867630802531624571020812600052603490140229130694878761702107876675062633580

22.39387505066195476846990312248927898252936393772689053780323111153057217860583353165129530657300181190920657273404395709121813736

22.35877012655965409733696641464082608627279547533264508542578834374875310479758794984102047883097632544846606408212407997479217361

22.32323283301904358299901179689886474184295694238648128127766828326709236174086254681900230485660062553032356384350018520212242037

22.28725238649560047237345684546066939754285002459411628980498242916611658496578744414470422671525092521203855808031259068431072984

22.25081759492156521993804006160065043021802580207943790044482853913360155978062552596039599074651341991793151629067913038762098265

22.21391683680635456311098986165811443961188387756985521967638875819500836236110274364152744352493011606116091738664057969775359592

22.17653803898313575555816964975066706672843621293057093404604969426616391586523209277650898867013195501350974589198559716148849820

22.13866865289493941340358184492596383601242330039054218372343365759537159275633960234752858607896842287845245616419629041040948919

22.10029562930376125245696809064837696994601419632868839778576912453604693089576035371547421865609041091443886018759961585751624118

22.06140539129510535920493538520103885363830426896954681699752489162576361818342638741694932953058206584341873757078045827031156533

22.02198380543822157866431545358332672518087253590103216595487961219287413469850669628355207082794508137301099944407819139903258256

21.98201615094873756839907972306100365532661702626283659010998116327290542373211387123267168480543383335753021169508487727606023403

21.94148708668531088878246293984655115388411654220877517942716135732722071921939361852125774546055194593944710910333754081918131694

21.90038061579513279583067850242033978548950488662624578033470030896816178034374670304151757669261305904393741033629430486915188205

21.85868004780437986443323279253445419327548867511086682991458620136054989538918228801467579976702906363350962559077467941995213141

21.81636795792877557719423481382144332475803797573973533396349594899939762417670654625302910751822524943067281847083034799773102278

21.77342614335599722001336532461197524779845503898064084267481963521990561035634059679995906791585874801690846092869214139119330526

21.72983557622540474647039811289109564330461015074194038160441097526696166049210654241793416492494846236695884459678761209903625658

21.68557635300108671296532301222050014005066513531167342291730302338178058381725001579872636994598002228486335037334397325483068976

21.64062763990106201350996560184992328795112651951366505252255213756853225451379975207365060715341727716005182876691629542438836050

21.59496761400812128674460616275992220121703729178096148872823319679581827553331133624313635229384691363674825813714710923736088509

21.54857339964563116401495171985303504392624393237557984299044656174977383211067084764376332086504904508790133328140611925102510919

21.50142099955395064505842019904686802510715819391928306765393670370904437912014286223779885345334474628755307551858428973704408978

21.45348522034909739429329538027379443835240660528863497162111144253117825790870095584802190638951927753715867223288261862334429240

21.40473959168398894057791522353798550874975349319725787148247071078270114063883327392062639624041802897016412852607675273057848113

21.35515627846283988952892137916448127020080706467561780464192755687169878530156231872285539277975251370295249411679653748726883156

21.30470598537979438709858520501502531957766931771156147345956000777665512217819796061035222206909011002994422780169227889703661269

21.25335785296204978044707250696381735822092781979944027322788229265894014758352639120458655009447263545180668449735822133291060089

21.20107934419373613077294277903509510391264073467346839888871964442372622311810505901831262877274351867105592122823485601596186664

21.14783612067746928003145912565614093259663349902911582777909061257662888210069030730230595876208096292716254328786386918128275907

21.09359190715319372126690541345582248561366440890296932199998044371399883097931391743022994863705995698258260070350359127827042199

21.03830834303557842563579341002086494051515695921578009805267318503934813617593362530068896536036202975063408924844394418083555674

20.98194481944812176468230924003868347507243511424214019702274651778667855619271199508686361832720374815443530734262489376481995263

20.92445830001982051984431010434501341155877343638619644843269485559502847316113692668678004308880331432787080175256900132189103836

20.86580312346341954636000475232368658829820145683947567439217401389971950710926583226000854460293133338509672767014400705657848978

20.80593078566643047374278545450210312801615463199303398042028080772491399412601801378689358426319703001084033290569711808907616670

20.74478969868946974636989539947953095393034762439671933826237761998236160646972985004839333620525365034225025864206129599371143643

20.68232492367150424695701525874687136938365440797750943766015442128166174116784488491525353689067396786497839662947270694542492965

20.61847787417668651735129641646939070044531290641665535731459805105104560234297704504234598114540671168679381231380494334441518628

20.55318598596836014576985617388748268718897594043335318854854290390565324818490313460705107612000821120084978780311927755050243542

20.48638234854496699180177393942074947488583719027260571747526313526748620732716552900220146547405638862503234010399872329067993181

20.41799529299827701571484138405096189676639308839208598252236319584287557240453813424543789313005783413725761219626588733069080110

20.34794792982959942501493821132679756118779377259024064996620255285257021473097344656854543539768107061519493598662054049830052567

20.27615762925071244358872209442642429089606014853790854597861545251806231508494548332602546464711102155996109228158405171132222225

20.20253543516085380981625925954841161310871923358855984614044592013228798761595883847905233328047219584974602577683135255939954314

20.12698540237584371161586021590219608080128679357331903622719920743816033816261691089747414398647377325526087262263209003621418968

20.04940384472249701536387566095604156443554081429183766055046470855268069194706289397288759971353520413699554141207428434783592394

19.96967847921441351116550585555094223062450260805848786867294611195341742421141887468841970288850836568637277528759628043809976457

19.88768744858290439535725195007878774838348442950638084521838094617897361012498959157701526249731355855294261405648621319427819313

19.80329820080558738590682676659787826140643602251859860109765531129904008227359356417538728025257640191131932278555701909422049524

19.71636619976811936586145574312005425856469689979776864094691775552142041317419370936026255306784569116313397544606600802654610704

19.62673343556656406245306538964470611798464306684124646652022832641417013866387143532359434569078231805859747696705808526596028161

19.53422669588529957141399329821052623924431080726603242480610124156141125822373946885906997519189863081168316981763465947092637027

19.43865555093710858659415820029327190596566357484890959811739366384349659124036137682218602041538734006458530714819507851322184413

19.33980999304929140584346766877409500206348730436495539413400419233525946740216968839552779848969064730085583540704755504183601351

19.23745765733784498946250343667823669500765222234559712912363627518792789694750357315164792600113507008915437198443492741606162909

19.13134053095764824183344644960828522848304761755757195147534789282376176782322375899474489245846324229643324877136191359844981428

19.02117103366651577770795133147007186932322858917127310551945073296862467533696454384932726853592822386908198002881653989401226359

18.90662731982143366674618066494931059078211384837605501873573347529202491149345196969842098638670759646114167210705448262461823747

18.78734760850428790474106790163906092932585791856213158845686733688923540688399021367312118555192812102353278118690372708765187663

18.66292329005351633554858692790936550323043931647973803616909423373228887864072559777624917973493962299857063238272042626117023912

18.53289047776346158360529787446351287444947137278024729729466325744270146697425108362032518609569849731918638195522662890288208583

18.39671956392933124298185268476937481948694495458099499808652284809632972691112333012249021214018855337785493440987496831281995324

18.25380218633195649599580230389263767580504092351687101879687395616161714485142317841614413339382076286833989220536427699067301112

18.10343479422677783076365684913060347784590772174822689213324185854587057418313358749202472418441714318329212100056347595449026524

17.94479769020922772561877886374421876924191819625997252261688631106012809810223223644485314251966984363532004794928099231970092074

17.77692796575234778740007914592322403963566299238774799770590549297835177598944043775495951813684477503523534637100549494899691235

17.59868406240764001275228999909501766426562612363274571456240341416346249779414911407064472883962293824706724739534659623642220007

17.40869864253130860978514831085935873305791139309306416969413156175347589362824311100084847564553374593187543873428381080308661857

17.20531481224207831618075025025268094051498492545576484758160435858540827626983211857610490727784986643758253606901958502910726887

16.98649809867624433699536429847427768600809709826926127373822357361012088798314201750602003491616301130524834363153256152117855917

16.74971220172393352575818741216530589684869216571002693875389588423931416572903683535556758952096377770821220618811448509174298166

16.49173900834970132600954789072423856844133042426558170419478959470226276558665593781757751852961894122960883758553832174745613431

16.20840987299853949524686833526518592725217012656512586525656050726169697441573466339551021908963653471356767169603941081500034428

15.89418985053222459225683896653220591984852464383729334759148155865118939621614977617776505477924316677275977993144029852853567029

15.54150627769760888976368819804272501699062314816012817326698685701968458108285235835197440842707721191399481338646886314384257322

15.13960615708579726205595985372455525618434898658609860876423995634633095994760774975591833666204280745926469709171812194589443643

14.67247940488644971223808068521356564152720618756084792219516823240677849336670534572904575579550143666595822457743593820236340959

14.11474789750747033868754786801594181065757611650894537990819106027056301573405946704048638416496738404860736757219207666522409410

13.42252791564349425812818580931215221411141534561335010554958990661062117049947062620110810776760646236713733593943158231001745914

12.50939463216839761660392239290632968604367874808931122440480351683074779584427130486059323175840561678279054104831806755879082011

11.16313261103351399888323208394695305716341385463865675401024878463111191060191790940765863484562833760536155591185618393008164542

8.52226921635009910885875695956230082576231807375092469671172491030675085591754833323876024372762381963458574528527441841236767438
