
Number read was : 	25305563276983732510747520723371205401033381245603624772366268211104289247327977719856222571906963826916201944427210158429124889215404619441063488988679

24.12535606463021057862078500655794922142179506750290541942116362328138254800645988512005446580854793279655310791026554723685173761

24.10614465053757647380249494388000212301662129572382456178361139440395521573421747779286511158447594890016768558138356029744265085

24.08680446561324336310091890360682124352630558155952629501480400734268033059294582952467032038481031188372560275710093781091803883

24.06733377194198670171443110173223315509832931691173782785885667011423030295145449590012466558976332708634888143408903248651144881

24.04773079618653309629025494930749939364251870957681935457393393683344746536166069734109459786495814655647476932824906974681596700

24.02799372861834483243235158913540999457565412344868453274551236010328373350473559151381861230148851021345274085475596242705688810

24.00812072211502640961435515523344912166967607788827314668703729485449195289203593437892557620195751745467624063053471258150247477

23.98810989112296413805869941891153723378317600823561424196708802818448571691919685821513136285272474870624270973930444828962633467

23.96795931058374195027304622736199048726790280304543878607785812676063244409230100564972383867223433169238213294882023458708083729

23.94766701482280485759987882767071208473696753231541702393433919278279942760307760253713811600222597339571162334123459630347816084

23.92723099639876569579436295162602043492027845736293537360428230103513523295956482681635388157401549690743034963294124179160004062

23.90664920491167069238610629844364193441594640741698738805406954098279161130273262917030608348214351796473599336613914557761195465

23.88591954576845467274314084690453891671211170138572408053306106047496808983398840864108600257539584377227380853962359939616385876

23.86503987890372710144400822958432366597141165138898434557544707997857240031664863044734076842787405867890550340566766390222691035

23.84400801745393530901796582204093266167137471210983680393867732011730478617620769129978060710562527774709579302934817223126406292

23.82282172638285083594900320030624144022031723264042020183877964618379418914218183214686358128132601252387250092961437746763148677

23.80147872105621846512221372358140794971487574132511072528421026859686630684945780153426170437926993327747318079019802411714052980

23.77997666576329481204297672355686800695485928940520013310002098732124196895666553023085268307449247128498837573844142376191070798

23.75831317218288387067528062765728393290870683873229632219672680594927389176994963420017440188806354642311194524252801477409460562

23.73648579779135021070283611936588281726271351903300502651879688909751092841209525759094055335648791593376649655851914187659488359

23.71449204420995609335715990492311994771349602582038501590167809150424054338365237341123231253490672833233807824358072183883665130

23.69232935548872608351776142062892862930274597127142577518760635475453578596984328359785497880782578668915829002982391756392865753

23.66999511632389121087577159157935167262966508608522471428564371621240324865895698487815200728818046273024997315400559973626736618

23.64748665020580374415067285049901685234758242838838267550783876065277962537741266463317072275771429615457874364951335418361731746

23.62480121749404255680840622703798790608401627049207700594279641955053813963296294367258609401138954925547967285451188898314591019

23.60193601341624705657276220102082098888893131391008786861238666256295624332777137969939627537306102503973662853869346145537884885

23.57888816598702414023823706021672446075460685396506209994164984286063972404204709050588163584187726322853644500801479939476182242

23.55565473384306650218345048553216060940361482289684315053070768341643865287310124454543319647281652537623081192032147813947193273

23.53223270399040125060207350148948473176071170782266257236028518651189662491613746929256145084625139121475821539233057879389460233

23.50861898945945393292060614150633641719750413731484800953459338906292310521015135717797576488626941727177388445094928675167802455

23.48481042686336387688511810654893205943039881067522963499140124591249115707532579600458984251677831555040238163318149115081148987

23.46080377385472088348787593284532412016306578084681112851716833305971377835152069959176474856235018388349840961125541278966651390

23.43659570647560966229961189599944175141336676907161864990609627646604098016857601222335541912415343820180039367963029241389673621

23.41218281639554551223647239706405135533747967547172816972181338143251050590949382274504862282707521150159811267409435662453451703

23.38756160803156119737355153113878638681869897591444420177702652063226998329152020289727042857052447758398131811193007952982022262

23.36272849554435915364546414117385983179828747781109874874866102490091335851171299085458636451971378444227539086179211044623522141

23.33767979970407328230973292106449694947174033237222066767803444911422127138223386955207454511330697835571187992353950174497396819

23.31241174461878885889843204619830536856187582900656927053583313964491222705195530111466819809648435183988894921265815721099055468

23.28692045431854531916353488244353433522113908720574227943020973128601830479331672389835940132758093623030987356564074274711149749

23.26120194918709275292396637435635280557908486053155995155279063281487552935883237985093309590729327199512930100579725514650108550

23.23525214223318630635239264397611332618753717430766024353859032599427095238672090613946318324324423449743035053300478248527845270

23.20906683519268075747481284520551361105244475310000096673392513473010932906715086553902577663902911539902297226561911968667346674

23.18264171445212733203998133802487554851053219374663389132965961072637221351477400724794482821174720621403656889202153076332541773

23.15597234678397320481578046268156739872426609372556738747836658428658700676693187212714222459596183083026227350476435686791478619

23.12905417488281763191779711413143852485922173477804509381061574751078023114941798852364148773807127257579859452736006370345715210

23.10188251269148340778793844135876870654684390700395742190964707949189059114238040439533199720608473873730635652973938136672174483

23.07445254050491424491192181767360208095708410895059973177730894432178048361701186067734873329012258609296365551167015745570536686

23.04675929983910312076852229525783844691153392981824163135266887535121710232121437282919964092828252778102587519977289082459242034

23.01879768805138862569295578065567877789036952381561194183974394805883558116512247507248030245470112726902140294006155326512284438

22.99056245269752038708872016218681728739491405276604528548266454892046346006467614290766704563808501578030030712192007596398804458

22.96204818560988466192960263071514326149058466473809736678705388351200928648302542314450219256754655970912075194880850783731253666

22.93324931668019058651317186589698673791082905762768696543350700515871730278196052166884352854727860649406455539185132340600890737

22.90416010732873899109133586336188524885711807215717149411059137326277732121329340530377069961954777665301576541254215601787208396

22.87477464364112104096317470461371338868286810789498922253042801766797128758437259160776313978919168221624031825463579417905624436

22.84508682915181446223191024818767405154767007568404120496433756049081758102475550533992205408688651934850321977577890920572379525

22.81509037725265078613680892497856780817856832047708137862221149241010091956438645480374289066852502552308298741289558928979746057

22.78477880320250718749943894733474909664340108753494501056095214968624299590848816528862308816012083133830164369469418205885045608

22.75414541571281901898694111480802302632449560487159059492798442707478614690384719657290503339886929479823118528290960334745324100

22.72318330808160076433211403107023460358260867816800450495719807629245692878396006249515470196118615976128883747334080089337289871

22.69188534884658916110838033152799732397704790887295071262221341831676132285624294672308887818298976426828887275959292598874779116

22.66024417192586632332217629301378652830857130162008462395719261439091995948787717099276099627272856944267831185273696382914299094

22.62825216621186458954178238035587979151322762425904996842623356950760901679003739242423931505261728013088231689059798252078268504

22.59590146458197848611572897014761093092280574574093532864362076968840127109135148291523565327729360514177632891932065229246123349

22.56318393228608995476532754349904374593123423648382733336735245208866797829224075725679933941324395982963806364205236697016438271

22.53009115466812595294565435408602125775468771350994517419009362804850084647092640325948477619363713209809203550391730827862487407

22.49661442417528465652016553341292865468118349755536705065181278346414718527249599068251602960419352597661268793883390977646496726

22.46274472660475639018106503402303318694605031029382244193704040304626417311555071624154503530059345695125156352080977077577286768

22.42847272653359343328925781582003618562730837968673384291084983377996060042049323478673180933448328702414897279436912489372030111

22.39378875187280938759248091773492327798282934541185229088554517983064088400365311233374155433581534836685949227421859685508286795

22.35868277748177033979043138282494272047975152537467267925144238017087382998794952085323002558140378660539397909208658004713852287

22.32314440777342688502232129566665534201271777497092960406205176904362663865865063514437445273211063015060146543883204528230081504

22.28716285823487294542446499942635044578421334396720497621641657165599453847836929436218558687339549337865091360895246631105817860

22.25072693578104155832707019083232448394875952087643162719686267517079967384508042129081317972555410964251321502755416091939716787

22.21382501785198889330115425785123329809834149958030125014209739217358676359885629558239715893556229190192382955076128240261468501

22.17644503015609617229805581050415677927156002106191500145370695946256922611086378793901956166025432018613934117430398870399520845

22.13857442295254459650104775364017989517170481685629634562282119317505928152661330456951374982269540377209596954496081227176331929

22.10020014575648882838117705998311808533935070714814472319769700661927285814266171031263056710895821539271038728831863804265654316

22.06130862033935427530741043138376860175117094616080263934944810273558884376916245051858531698165970759426299989487773038337305079

22.02188571188448036669993333668179534012218103691124975827147930091405779116872835091347728536901153855416669781430489124254508315

21.98191669814477661485192245578926489404093109173105573908831237714371851812363543130586964960783267097880780144433487654414611766

21.94138623643397927645663473648533123183943876927119384206808595552631410420991383604091899762631630539361446872304690872406297424

21.90027832826629844778610369866336923359314769180752577783645053883917661367144290302304300704930349721433873792096635412024340454

21.85857628144050505086800381887572706572525150869431269653856733355519054956604023125588379882347399103716898005268563606685628220

21.81626266934356769988107642911936094081552884975672849340577140653670270559414027063517374398993641618398810585585388267875806183

21.77331928722551643396619665927299280049358043968189534891353751601321699661242660658090100604122130324721480615302031076959143848

21.72972710517094457042538219493472850629798797991409720285326942691681920642460644945279638638238642506807041785844626364410767677

21.68546621746307034529636832997654725007133331478772507833831914778717702611937809722015774944450371716444916771882843628525231265

21.64051578800311448297064428412265592074688050897683749977466955211477585285785307537597180682669148783889253586547479222965444842

21.59485399141038452446048003214639965359364110450676784620590661050292140702736394044791723339634895248035130495377598333230546695

21.54845794938628407140591659997981784944862123777364285802011036205322762489514320196315155749549271415796686817531359339974343681

21.50130366187777749156219597605903314161881876614445907638846513322923348071698063792433853583338518186715949581762662478904213157

21.45336593252181335618781164473136829869681437795485728462987969919668154178113078230030329622678167168272102399565155292519487514

21.40461828779087888841893212263314742948673518274173535438433080013662410312375787349700207379268324211311562082027715183395243631

21.35503288919009283499635384019508900411371201986106147401880795566170292886702832837844643518466121620992678674052403634295410488

21.30458043777671800709091965831345275443244621558683631102642352276175927900979161698349725217634428233814121365474481542388955405

21.25323007018212325601574723487811988847820030526911450737549439779290467141352128352495896092181809408479763970563979707305180821

21.20094924521220057500313421530590877444202633969647146495926988969094078446618995887521128927920215357774593353785461554155135120

21.14770361998285783837370157393414795269909831749865229662193062335674787938691929958972979022179238163422318989727870388498279200

21.09345691440986154299928075798479443093508276226148205793738075904596667496351394401595356611150433850030091723580379459998392730

21.03817076271389842015510113494191672964640549001973625845081514556907790294504441306634062911743444509250366075439429841352959400

20.98180455041855616031547889681695520184889824087156756461873925821070929770893348335127408553240437875465515116145468450164219045

20.92431523510654969032605271723895485498558983041446226047707350290422073999478776217988466514074501346426978943455068927947089520

20.86565714895259507078704443067681784580988368331886960835349404995199380977464218669819342797662900055638991371778759475140589069

20.80578178076340290252322184164643956698242598288212373104740508976713910539765609135358236115289957195330002463582438078634709621

20.74463753491850361203562121004517342987009915645754062546625015434877736610537652421406607503179799433154145223940595775757798481

20.68216946421050982993935276075561937623695152634967534512547369826929457319773077092429723547507498055124724218532479781787881095

20.61831897311834086600086627184429094707014310455084081661006688971969260952282009071719985881921744648973639670513623351668813711

20.55302348749762343625577136608346392130381883151347718923245863298907544054324657640540826666086827579424025872574560307775659980

20.48621608602138087938160447151098551258810935010169284454590923055400440200562140388003325606074619264023826672083018112948700468

20.41782508792950522395868935306966182712292506850477526332256275803268828517644696299335106301359696685547206337795409326271020336

20.34777359072037040365115988948868911072890808993492092214330690122163473232800370139331208138799715529837458654720599543366903015

20.27597895030856578855510765285581008092086939022253905936183319768266061795286778602794923617886358958855790396893828255723312153

20.20235219483677122570841931715862565762805779652812260567830854969009606389087055161861627538300784450743425152594220926307920851

20.12679736171382906436160112485271769363017451692578710102035046494767004846091587798957609470918959833739843400942355570369536513

20.04921074548729031915061047583605965958697767926964025581800723976663639457262030938030962935456852038359058504664421060257644103

19.96948004176056594379271440786399246949375051866227128587681678715787001170809217672060147404791471208483837708957279447246640335

19.88748336942113014898497813606895645617583325667362021936964071840241035165884025517488496860445261951144021043149577018888421691

19.80308814981328735280135944998893403434173541936396831862125663028208761699239213588802522590230106073018128394556940737489969162

19.71614981697977821553082524301207743740295967900158215867048659101249446724697699908029742213697551969821324616974725660836853966

19.62651032746574938210033111710066499074526157487730504261914463584703148647006676829333177520146349194819684539364789034647806393

19.53399643110243832434888637287904583466850310543005809150808487906173741852328884657177353869531202491030311860356572433432897950

19.43841765523501614620567554911682067019875215738054536329679698557531167177304550572818280238986351199627792326021336998172426585

19.33956394345015118376649475181138569830840182364658824231255022082803296203545747130809904778289738623710826694067315341732780614

19.23720287520904493175351621543285415444960264843260227678251580547517351570172990454093109545659843460915436580735054495939536332

19.13107637382692585735857356006766686666436198160906440626112076792434600778691906244774141092212896415992759179253998582674123476

19.02089678547558850206462896848868654326997337196239024640681245410443261553680566196649871232464726395653015478460264388535256777

18.90634217924659040664332570219079615103266536690234017689177741575385715788745083336743698381274746360774320494700113411490288422

18.78705067486507955079349623453065408775247786414215637872124753347829228080579386355282467096348207039178542836351357968610585357

18.66261354618639646400823390576313133922205806437619428200731499659020946718346920113973093309979972300477512797842615315229993564

18.53256676904105040183794098872908743665935244421471477381676098567033685396060888174493224472261616417818582736726240353226428178

18.39638057233593685033859955558787381233645778825086841272721830624708234094389703875195860727633550068160049450162647736047775769

18.25344639812928208055779566552599642650595232099052107971242679613602448456203518749376945768392803185337982529169309786834552878

18.10306045921055022956586042710167960878753389909338156468854526125973835631885590384659630959814113837154041793732793400056612411

17.94440276979073605180509944710642037510137457437578275131481167719337267303135450170730638388475965787415003061335117800894294148

17.77651006597695418959137102594556857050283251571519252611473359608907842785807098766863585877540722982858341337997331977878755710

17.59824034634899066433383581478689640397736348693561252215701745923574349397215440529416530676939118634454714550331113741122575825

17.40822571395086733120399238579588833531723378722035089569437407475894376521450346999345920017902087691565844824538589276133261693

17.20480855842794409036498344088087507835616946220024357970596875236836242060332186450813647736246725013063491927199385434381675460

16.98595347400932802584167644191227302043029653614082629910593349454844501797179532402313291467307429988480122813677533920125654329

16.74912292301990620094074943112086358671032523366336614716934461814428256009272762276241135955347842684263673205585304088735202096

16.49109711511559709925862608341226856847938442106763305973489953537630046816040477234712188126952141398011006170615585161328346359

16.20770507399795457660487682367256276169970874868845535901057478466643997300408795551164923514533486490292843462154077691645716977

15.89340851923625338180016988687598008726009999951957416934632104333656432331262464244249960525696627350879684883698713648143834923

15.54062984445839685119581914731248879802765158936495534482846048304033264094415697497690560062825165318822033597269884628708820496

15.13860840806730149659427940252967561693798933876884192298404602330992780193524322307810377767480301847619223971569695538391234619

14.67132166841814533748152940086183526810601650778943308096250415515161376959223911516880333542508336393455850986541130710812172816

14.11336981700436756469642577981622108731522390747655110722782452778193290973623390004118091647136530121693280766908129907944937406

13.42082810419996313387415700493040952569410849447146932920645235034137981051555506480768326308846448031446314371808159877885893146

12.50718586422912584118184051050077445979938514843420592391417968316195404912091746324297306715763377653385322235573246078156529910

11.16003994364794741745349626736417687554950834474955493499866371339840923177137530831873675124044103209230487025589598185538131532

8.51872747680514566472067067362437204156612712594172638185026056310989844131781655218760694347936759504426208703541527001519887477
