
Number read was : 	942868234500993117250467944408816031028966010147220015606182799826256572075243379411915860783292899337179712977619462417264516454552668748827

23.79523498782920143127646583255373996093826362607021958315244061017793707959762537127334409535944549787598453111052986564673845385

23.77448336528265568382322224688542880338831766772336681258725622394550972293227724608493178583605209388283719106932656923546780846

23.75358141513673870258759909841995476744008442266174548652998188843085823330797115161055013074344179379905888839474647117526975114

23.73252694348852930235460045427828088716655916069507501020144168468227664879253168449554627025440335064838220686845666898720265731

23.71131770805435592276124386835326863162481627941743483124964039591085055568648967580806519033891686963777957814149678922042764203

23.68995141673670041547275443043901369251135239411987962770306992624963757778237132874191714665960734507144349917810921758186393287

23.66842572613764282923991886105826156165295342343985905601774182017235159797616172603295015955735714426539464342219052783745877856

23.64673824001643615175385973597453217541448952467316112319181704433170600666909883347107713582677590158627851398245762509317523335

23.62488650768867214191245123122494124704575760286430183819433965824254983928996342197663895698159040782289272918462770623269266577

23.60286802236436375662335103623712399185092949418150488754152559422605175251471010738512734197570894550791981088411266075079202106

23.58068021942212570243126412579052607246636911678696488177223329580812199472819143225244781547320661256192496779458431261118631144

23.55832047461648174204732633595473163767949366981099482074485047881314714628327645785768361121784988390400109936242270051959227384

23.53578610221516493179194580471583967298151529316223314502881468944443902153641063281617995239250088134683358545254425725368332597

23.51307435306310428115778541236340961711064413754064802323816936361157840367542341985110956076449767378145933010583504261336898863

23.49018241256960767956722515059661959970525363089647593682017401905971820435455411204975739984815014190637762378395085127501273232

23.46710739861505553891543797279999509188699674535934579376495445448115528196237555392222289699295472993132976466756836908576590741

23.44384635937321160101691058670374795492345774923454317400275557707596384900232391093804695113215908862824665225481367253601200420

23.42039627104503583466656570743225617259203301204593158468440926344922360034448608346923563667027081060294158982457963392126687532

23.39675403549964830019194577240913598172179616945890138338452388270284022437133941304140693041807612273006893792875528614004047467

23.37291647781784121019740767726234076105267714208085544220975920071349254854566504815835786817151756742330363523133115392260555667

23.34888034373326799380071515020098650239132082673386804731087759731776896507214927552342419997139626512688912647663560969619853493

23.32464229696615170986629677555441327765340652428474815217214644039596389924946657908075245269093033641110261372985174333677499505

23.30019891644404927782506830641221396560936760317688765053615274822326727323331509429978207595857223617055606546726008486365264355

23.27554669340388120071265096668833131361349880814124911581259514364253157805140254833247614332818912254549458293148857116482488960

23.25068202836908716198839204515911589574958226177466429925039256268447398395126115165907514710990172173768494980683749076886411828

23.22560122799539421136400339511638414153695904484410189092992583483452541274133160485268324059129225281139017190775109143811357063

23.20030050177828451235591010765632637957731538791380209291446169915828719843203935957673472317939274570968689735793902734490770537

23.17477595861482141731624816334649518218019299086060547049484469682141263531110620318992216476330379283024822159463113680193847455

23.14902360321203401098832396753515171331185589862381662773710952773768502060522091429737168053262280115900304926807109692798823569

23.12303933233356846771598852753701324067571494885419538598892672260617766588062911641397012756870785783368402464885272254934169973

23.09681893087578711935659642960707687781615317634449468253486973267535345476658245822242207933804183851611928611813085734123900296

23.07035806776392988495104562011632626710690374769981845115326457539302326821454720271875474281889165698235791096723176153548897460

23.04365229165834461264749079339192771190773377283181519073164348177305462884177513410144413828170304229525221675586827788674270174

23.01669702646013928494976467410048785073295198423770553337361265589664219949920479669503536832738798802037257383271623811296514615

22.98948756660490613750761624383488372916559297756730767808183193774890920694408521833187973788196311307038636581035731933490543157

22.96201907213241132173907022915726511184693453668243290939047769837363883747298550061200813665616776562458371058199779190376468332

22.93428656351932909871156294825281073527510231035368063544684497388575643678140061218102311211379282400993165393623385165100953368

22.90628491626122172829457440749005736445213997118874639219260303795617348143919867877248822224000199074798156207062760697862905935

22.87800885518901948774682287405869360212744096166029143197880736509411343617680702565833250681059146398861657256138583190300615861

22.84945294850423361924186546890790881745357790024145167037136872945478160606391776748929761890217693236029790042238656382910972234

22.82061160151603162146053473969666075378329378030906791791569094168940388710936296744559456414534931021144201833714752665681156050

22.79147905006211180922738704122012351788134723697294044156209299311507991638279777217521531566056529346015953697139124934454795982

22.76204935359402423472070773268587310274106248023832095182148729421909726807045624295838283508873765681108481025052794175170786959

22.73231638790618888782684624225833847292661898282883653106009257725919639484202250043463068912659149499148338896930183949186834339

22.70227383748634963303933315940471675350869168507328777186002411944031195904736910833860921760264459439945000666228287370982005043

22.67191518746356250275918660514247314618601053390677731068328042767925290993605235818246135784477419684192718091355219774416521741

22.64123371512803764964982223377601438264685265125705970274360311094305927013461343921026369070120583796838417360471470086393896530

22.61022248099522191406668998431085631971657895620431664919365542753837922222464986266391939825522654437750877513125678754985626998

22.57887431938440863448518101228672006941000889798187805958400918432227329939784265225365290235571233297768481003844948225373769714

22.54718182847987642255409991161348104909868446343285342127419692643443575974085089647158933803674478626870236787337218862076160295

22.51513735984007064900623686442386922904780623365591909722234329337700399086934269546115320346398945928540595711885484955713378379

22.48273300731762987572375528474947861237311616272708623026719612184088331454985648067234700528270917056043999754656153594283246768

22.44996059535010151883373536135702550312922879576457723715972319462018977219219152786074376708271272476918208639737094045917059902

22.41681166657796112670302633946843474308955479218899264786357766098706863995914890748372058542864777121214194512187034086093352334

22.38327746874301947053019126676066999655049804101148406133957348247451568781792927707012524494669445315300517635026829400391025511

22.34934894081643921625252964612190277622174155691499324735645525934742179934260665173553284987666994020691773451834161022803980663

22.31501669830135285016438971483917072997228988642458256527222708393898851488250562131831684625951717702830305329614253419071432358

22.28027101765043581389745883982844594894640791443912261063880326035186444718567925851463596209782826696826589070362681815809783878

22.24510181973369874375596916235353317241450249951244591893416564847327126153727334952650369166664805499282928096396008423690704655

22.20949865228617010876619684689290594553097883528151365744555399250549003719779511948481081822978085273563745252048850832665053086

22.17345067125898887124394694437067218139561304743656349826199823966914218334273284301865641482176224768760861264458280569384070361

22.13694662099065229043474330808735856183787862853517073437478704969050492049885023923357410058130526263287256184496507393455281617

22.09997481310769498580615399469636373498724099941599280021121152328180910581340261874480987970417855344579030430982285184054703313

22.06252310405583049614961855012982990054149649494901043193848500005166263920023510315648279214509021230056640033620061685215523517

22.02457887115347416525491057502798768143725257771457741297212863241293790372590601346988988549078210025619968759615417769933918183

21.98612898704948210006555348518017639437029940266166932863081589392692913871142297771459710188514348316128767243993663819743306686

21.94715979245576688962851579937806111097129263893907190359134322150759425132546275511801381303824914089137265962539396782292819336

21.90765706701305278811341750711639406807366107749379328047982742861074604712620348249708845684161652466159668355468296695383603653

21.86760599813425767857672101902163794920801046984003335134979171199618696159126575523538752870234853426855198429776309494362632683

21.82699114765466232657223803399409635187103663185786160588051556774057035719630172155699622725323017370657475937429630604958321976

21.78579641610094934255186514851033675420168072564003381685363220173974980356064397013249249799821220092585801950814443730632156175

21.74400500437213685820505027878987619643556405635175913171258299415517950296931306420011554717543000892200950271801873993474254878

21.70159937260413311230705584886202358496613627229432216121056315705243774431370930137732904302046882321692511424929307638240397124

21.65856119596579693274294242716122586242541730697106097906545123734378891461859813912751089515522148011120802525544337553705157282

21.61487131710765907227011490436624903121137479922196818335738913409572107539623403824028893951557514038627912672522902344346031669

21.57050969495444037537379757348465008836004551042847055248270831478582292923945700615602558505670400398954999185338901747782391936

21.52545534949873257346796191198180967295606610475090382026337747521996747586925237383434967897562482818210952116431382779187391550

21.47968630221515050545801023832120062032791995720871504370435113534093418622757292377164795157985521778635226344359232408989731425

21.43317951167129824913446600714415497218660184112102330397508056846504652864257909797745293270329118293095516942554249339822825761

21.38591080386329233580593597035880197500764205239138611450481967500669222559423858077104806749227103964678767150935324582387957093

21.33785479674850790186425016075678116693533873841382542022878767239982712711548290990101838020081321812387031770715597995040563911

21.28898481838567032789627938661506858212074756319634882836057473377376871177630157137712129364690298159746125077926762613234071919

21.23927281802124771444592798954955241582570944281384063074149980146072271219599128966710291060586014914537692192009202173726248935

21.18868926937994676209168752309419665430246372116986071277742685420020394057803483733202170556080805262716220470132153403141563324

21.13720306532437203423691112420522792022656296524667579700102914937662732563660088043131759450315822594270708980993199198774418014

21.08478140294268002053615926668867507593120633730152257788860069253253559423986442593955556631380002072136687846685082345964499265

21.03138965800109777772428941718820715753855819082263424514197855600538627714942200577260302338066708943831418651960827063784721372

20.97699124755781016562255713757810490523006021281331420611361213314679508936699456703569232038563222445141809738117404112091076741

20.92154747937276495165541444127400904642148382934556611959186421144510453467081088760847037152768289948814112601482503932156299378

20.86501738656059271018497178548623426743469848675194745437443889741688054416157849835378164858331168762909959033462108266693228395

20.80735754571651741418064763562512045117472772038987185404488483922770867974691839726578400097318665254737735341951549033461335158

20.74852187649234060743978544038766029240440557900273898320569023465061519199328182600595056579805229254690972123715366220956054948

20.68846142030466741663770906014244697271589406159171303262074173782988773494631174331815021272055820031455793840044507569137466161

20.62712409551244160970495958506208012160678132270514265495505746867500908001542306386541622472177574248121185137454075096232902054

20.56445442599575204909949135891390770553033701843571403323581581754135221068995080854470737568812861778669359648644401926741727152

20.50039323959076498725996551901331327404847934246662856696276527696505722258871591127328507030313831477329171943318589697264067830

20.43487733227179974325986087181690211222470628101750914549538408370239153565302442043115883642138414883778453795163477474849234596

20.36783909330284856296156061254799225634828804573587875566499041090031269636720934989009156265111948335438164794689463761105750357

20.29920608578477275338825781771899683338997420531362598174962451177506472719942358688527430606734098946797917936520104228919937755

20.22890057607303295213094344791322943920395747481471941716107011570921431788022876953677240441151792896104565004815014438274269228

20.15683900439918947679797282286249179904672772264990599258818035392099619816875851720319110348134822699793621922489300503927790292

20.08293138765363662265240770459301443195368836598891758067767476055011779692659587286943625785687491013610800251343606734570893139

20.00708064362165554095547969134051300815393750129933385454800807085380217310749719101965229336765267296738035159022500721488746777

19.92918182393943612492495386841544485696629303909842515556556507737956595661423804782390199366428957125561271002374267816232122997

19.84912124056120912051824975254770674117769550842072773385176893472029304623866805773373026323572715062370314836673183131177503457

19.76677546748729917985235711681472270243769546074146161931783532510507922231121209058008396874839743609059873414237686391995661064

19.68201019574595919828906774776563740286381966376779444181904956479204734589403455285359033980773805698445176203593117543522705948

19.59467891495406876487591693597642853076255216001596300488233952318989169225554806984251573725068776692434523868814505505116619574

19.50462138894694158203333883525884294813542882073158141174350924328510091093267214282435923300784355196351294698744841383881473715

19.41166188562666145575656115341758564659498849451857264243120648547238951234930419190205238086420722974013458642139187991566303549

19.31560711187959182841488462307172090109174886464498153208108039422151753051907204428769330387367585838329091796329709784104147533

19.21624379254907384086268604716870595546820295190196704481034033721419818869574335336088439450255898874859127668955462482502115305

19.11333581719367528330616153175991733178717939810047018036143468775444586763531845675518951136940616588185764791939964034884044559

19.00662085858364715308515994190095852365069627617139330609977190389874872545427014737542367222089324599619621394611513550525959131

18.89580634102204516798903849299466268197885834068872615135328597108114878000353875142108471505587408346413057602523004709645528061

18.78056460242860502818326148996415556110013949819754815190681691953129115582418919031088617589062832037816401726174296528239983773

18.66052704858512210649055911635717039814847292862909381573841928867047864526146130087549045809625776513554669032460140399042708772

18.53527703654847533441646907015814601575467811771187117363129478723248827695182780655782886822507676104520045057675920922567567384

18.40434114049776246681480144178502834486027372341539952061812903027229502571513183962527494291423073655229892597399477475753575085

18.26717833760368121782408548046668844087305198979466860045433849101924316000810185899620224620135005817384875368194319095255822338

18.12316648949408931375805745551390570080330053597683950824477237104170749165487825304021072067334834793385249705109799122377861381

17.97158526454710920706202338031454760443860192438651514188010419262689737117187867593347910185528370465120128148933314732357783988

17.81159431332860753484855395482174508027028779742435588716146503137551375677099866758147241854197195368187365129357091968825793776

17.64220501955450651340970882191462682429685760061541872555105382699447900401094076403686133464225556472432056012649623792773470967

17.46224341339569708895845025260701989389838811045193787593284579463990488854056351756404732962015516568942866169804587167448484858

17.27030070483029109314011410435827257075454764071356578923056976593169037843730939494467662996911078171342091908246919187385600254

17.06466611797597552559420315806613639355572267599960516314563345046042338681234608472026469030094092805261260951723712236801725642

16.84323383218058859699057278605614304552408878770531471411243846655019858488175810936124556438925476173487927658128357691157087241

16.60337103315721643231908724796871959341385408011774284904087768998573567909696572152738904299199653962550177295614340483018693214

16.34172575872060917371161728975882711014916987907918389660319532389679390419424955320379596660295879214529084212652425115836469149

16.05393819457896915796843063631654627344956022867873563307488355844815793565849117843886075551671948525965479498514742117618813020

15.73419054778706015468423906733329756710879097361915546653673794847418390385230920637169657836408054588944252520527129846195569807

15.37447318857590828503489981991895831808106048061684504882196456838721927613140687869893993009592902430559420175597380535136040345

14.96332052214515724605098117116418818296799564816189857037444243746915321303475472902970146653757525668190120801972691775287271757

14.48347625193555504346437547988166400793084877844649633954127356978418527146091042892264826053384036112495421388403831597057282095

13.90716799039284991320794978851008332156121661878736676849371091252923760259634735196707717274227081472494278440904374799072135798

13.18525239521901659502482629059429589365096870546194380200161991167156857004467392165594024656332736033327293026844167027478716514

12.21706397451317745319050143402046403936605650113138686497281069644627138760419094470368504568904379359017406254235998426105306418

10.73369381991441322119601069969973925152839913883948917413168437762047436814671104427564445735900470256964894006263474221406368244

7.12605229325648800721763193992816181874979982057692601968042379196700769178834537311815180416158137250259929142938500930925937908
