
Number read was : 	80444029193978510570752980664935673401980708829726416321125477454662231373587578975163947485892022939840092091114294098841

23.16595158602894721695506446008838143545183185998571322999359999773424310363221807275237936399823418803653785501940608891803007760

23.14193097621530899284774284634375819304942325296526024554238288013619173163440292156868935093665481425064088471273364683721035512

23.11770871659064529777776478502846597941400807782224651952431052254002883528532125635010722597472021040653706745476953956332880435

23.09328139281623351872072634092047176802057541211158138395572684950894638296905054644138499302969203592346216950894467281385652008

23.06864550309468094819377495845715131655758485333527061786546262371132795741625256769209554444113492178464673665202338483991938558

23.04379745515715563666818100635186274422542298084555638766726370548537570254504454184585050194991320678100478067762617520272288536

23.01873356311975958476810785683871656320421306155842267616313811062692135780561988787392571188745528735524284830044056556891101966

22.99345004420216398332070838883346048436361816750885481533490494099738294706984950096782492576273921358039688595027428918443759198

22.96794301530120042663136573152501762830537883602573141009346101510596163466691271748198658151512954949333091601577250072614206143

22.94220848941164585928793394792222577672365485898342111410789759710319445912975800003503870157221041666234313525482621081174414692

22.91624237188595000839568046837740737957779285493488337913462839418898536654084582169157901663172520586885919776207647482855579813

22.89004045652412951695897723547148434882831494523741525307153385856821678601605174341468097824260715659383469899049590541507021097

22.86359842148448999967542341210100317448022701080357547098934721861360603351484267929018414834352285864991821879369876761414722957

22.83691182500523258814871822928948270239481769376106074178010329593933630255374840856665692737062716637179313496817142616118175926

22.80997610092635171801306597294096425695740716308830893045608624751757059524249886036530239691757540346550190013123994886835559598

22.78278655400053210536210497883886389166185985906674415508592730318524387301146572103211172224888441570150479819760324505452121265

22.75533835498100086944667829948642710631677971233590351585562264349796252599817884845014592914461800278784807018850151270804709843

22.72762653547348098519202664845003150351599687562774551664994190398536057030679217301442913826362962811403429230153040311081668785

22.69964598253851964913237141387969891046427706599783420581548611901024921844074519168871177343839636595625743545530081218294509753

22.67139143302952417838222580783775953858482536081910897631143043444479133359996527541673203214460178528210558197872515094440034109

22.64285746765082264910183290610386750406177884666423356839822035929556200680728674203762283565728953629393932488547702031497098972

22.61403850471896992556312581697804217162936458294614604944245576976279318145454796079584744879486639709613234999524131342726868017

22.58492879360933466612945062089556513080730439503482151185769770298383798097753080668234129986420942269701149711664745054533741396

22.55552240786872118843477967337604801441607174418697335196391679008964489727427421478590249632630379201976926123621075774090431914

22.52581323797339282475491422930454773550891467846367257786475919718894078135004233095077422695742147385366459957260524399568305503

22.49579498371036058006528481388063507243081756639313984197003147887007357589130898059087613165049740113659808409633169034595680929

22.46546114615817184857811526388279746181316802931263973350858453285355396428210375291762739568623549227396972497689228045777306276

22.43480501924166620248363185232180331119190591959188758433564866541883865300281827000891218237881508036358816746449770069123863967

22.40381968083324583505186376079689111309651169867265453350958131431701895017509106322374381036019305075099833847935468984037696673

22.37249798337112195082987249798088936487475118090555703149261158043938522306602851424176366438670412436458784787664333170788248854

22.34083254396272904643151809744321937291487479447734709371355222435007820134113018950735176794584813686074628024626850280424872407

22.30881573393902808732918324186900953932827114983984425452165576371689549073043404059181148513748636550821424423876148112185318497

22.27643966782272691173165271887684153890275620009506856078253332069791766268979881975399620984635271811066452911158341323610469240

22.24369619167050898114267127182413975294012475686405276563973838198629849537753811029284201912907336182957137339056769245084183953

22.21057687074615465574177404135641030572138513930782089255725904297135946293496020469512931210740542663895493397233320336117962000

22.17707297647793431818688740980484165064215188354590561856295707763630917558524518231826921862100913422088923165667165211824389720

22.14317547264981830839999137483528630476463714412142109355891397943559071622111640376779835163681149454605496238117409871140534686

22.10887500077184966315494750731088350165168741162992933885473836241856180540319405155472926153335341356503653710748735446309785524

22.07416186457042240637337604788271587759534500070963647735980329942400592078496817456754472437812093548764443859804284841253900174

22.03902601353415646789610684534324275576559667720269070203896615815055862325619495170288836402386588227183019371858687780127315163

22.00345702544551033237325356229729745139158876528905402250682216512169939160277161463360385102232757152686830745679561041303418971

21.96744408782216834171746101674078202359525342965119208390386395391668949374807465945432225210803886162329363938536583053751004918

21.93097597818551807975781042420092355165234151892359647872705997694141625173008031748784441331895233392821063052184469199231758141

21.89404104306612335408169190348469312200038801900559158541601710222867085471763833576715007745220831043724025489244784761172698850

21.85662717564791964081804915780641516526509807971327499947525140253408368879457643634705778161413382473241602303300951839634282561

21.81872179194382046768113999182533482479930102389979480845223892284073203177120548771667483779040525434786755898125725640700035001

21.78031180538542217006658372599396159425599636565087441670049017605335691031621659923320159348387054063524664495356568741290495606

21.74138359969841378484723024894877712596264164200368269105219490576420840229398847405333967631458148198972206282494303902297329346

21.70192299992300565399827290664453752193625835236887103363594912760884743295059398049790762221026006707676303280874218328021507533

21.66191524142503326958833023107426662096021697167135092510529873259325758558030584944422240066095593504128905831945449919509720232

21.62134493672819933123338192439044266188288772257612429132619871195952833659906532726089420905232172112202121142659435310321466861

21.58019603998098973350377384891371327606330524416649732691984644839791516070863357495117212399455172237018842879697600945030308894

21.53845180885291240492703260099637699365290652340862165795865096916230019800623265237433846008237444059359156207136943736868280110

21.49609476363360260236930408232500556981739982732399197799525045173965975158849476695091036439839089624214193291278860170961975530

21.45310664328471703353397739063740904593305181185601401100124633736464321954357496102959415290050931302053392270505354695509811110

21.40946835816805928268506531382170025811365545617540780521069572228107852499783343996052889798944670713919357606632657578886034787

21.36515993914364548397919297709376690247692190841894723513616878364581624128912667463838084059744601350429773701950815204903602735

21.32016048269797510357225606260230700770135897975555788588290677586885377673276276467655992745891069053580512147574157837501861928

21.27444809172508785856679448021792472271180208920399319016284065665455690097836859402139315265568974013452281034148885329540407958

21.22799981154044986905634548360383224074493763550659869784499825035260683134325720698052447761701241919408491651307355501225990720

21.18079156065960513609427580961423882126777232438639901755105568943438200747514452140436826599319229873675933460326451982198034253

21.13279805581901832644727492377149941859857001333997150067798908900456323994060187327798133484613025664708218540084786393514162898

21.08399273065464682167665433609515635764534572698966388293420391579872305215043490855993843712468477245336760404252680342699428004

21.03434764738337094159055994809333435564796797418617045893760160194519202004511629400157357311018001610975421830088053337394583340

20.98383340075213845096553357625946724946965087403615098331234897503645941745914470417510530542885368375684270988104313549892024920

20.93241901342796044473647101802484416661929166130596486187883912309769616557361688568650872684926759154816208839413657809270019366

20.88007182189686073428837239388987322210683125196227250392334206747710912026761691579434411143811102620938702146596726241574826289

20.82675735181931529796420917790105300720794058116309201441647488901367314076689377227269715616207121481344482829365706541641546109

20.77243918165098926591474057299136524532191590203977903937138804257092525941443827859327218129034161680792752126285832095009255692

20.71707879317754941592088540243647560801302381754664328292490889651403359633063842337100886565038674423452026460054137576064749366

20.66063540742724815758131895963394338621020258814228917099578470403476611208381803745738686999577021243400483770786523157121610354

20.60306580421034049522893886476857968661047531660897873650849312546813370985990473975590876190731713005288227626205044401616703287

20.54432412328479127127400665536084294362586591139982554839482159798687768905430484394066387615734897371593653657447101242080825055

20.48436164485661282751173458698875805472214337065858430310058023928294589948337977333344041580931146996654975899714474813931147980

20.42312654678261073586034125857613500435222246579980948761973488391653531095217845123218110849418132971843521869806758003819167025

20.36056363544365367391476131096667525815194759674144351284658760848476041783706149418951877696843193068386782429106661684633646587

20.29661404678602891304611281411681811105550692741037871263914568637054225366225726722187800599776485402555905256652349315096885747

20.23121491347252863482445072612004881365663081428753634368158764086843317832217258471565693650804617573665571928046636496583553514

20.16429899342580766231644910437139706534077344470787535857929717608399553309534813361193737738318251128684454543479792202087308667

20.09579425426219967938154668841594449798526130466406911357164692696440795582053447194217694981795046273470442650670718792981574896

20.02562340717714667759497084410771571258005440665736262073796778837183712820340960586549019824237245680647263040274936527040685441

19.95370338271941399209627217391611092165862584681630148267628337806448445105666540062675731642943006602500184451747366439990328223

19.87994473953729341332869907747804617227805674278740540197018884682123406429070897522009641554222047535461605374685426325157405549

19.80425099554170258927855040527181459109378128352802178190790029551809068336028638931088821525603324913974256313254470222881307941

19.72651786893948447483567313543924546391666974979538561504492930159794074192272714956404029821388124164580745223867321899814839097

19.64663241415719470619960947619102459535867404907427342774680616177308770128730005125716501926992916128376976765080578461383726417

19.56447203468802858492666890624285168794178312059319963737671711873220716095754219999731657181595842255004074233220586452039275446

19.47990335120586338534903483822237479163744175141488111435480381492909851710189832121000346194086157656877365137575183828281463414

19.39278089871000366415014864622093242869334283214489449948538554788793305157832690457457713451926247814534134401663650187266550091

19.30294562074202118773130847382145983220267634610073691897289933170268558190329502397616120965482417260482547222717810716717054264

19.21022312152152509218525188326323173372029262018428968899433618382234509879945951647591022202729484816898609030698988843202270805

19.11442162774035563998154851815350719497385963493843655276822913611201139837077549151558568362039386590116378506043538264944591386

19.01532960014270327188402914277551940724610594446852512342620856861665545199764866824653750472451914158991522564746149927732046472

18.91271292009938669417529764846564829823327993085143877562272365991313056473864429492657489265989420089299644940327934334450172059

18.80631155705896965427179717991901187604052894180853889366678817547068410611722944359650595206705715644298229143912803247090739172

18.69583559750613446085880203848035339811512935394440210445512567001992068856186175728698549367990142246434218212710858397751303199

18.58096048275205916463850923888996678417976779755557652162203658555605137241984459472672345820565570049177900043343662133488973782

18.46132125851244311973125727440106947729376449089014187269047045852729875016340574244299149800747094212903174836922543247276539059

18.33650557948179652689180846620874863688986615824832262027529137317374714558456003253707194974986349095012106566247783721418729482

18.20604513071848864646170873753448824378008179756335069935021758844012732787557664543139346918635510973882748050470187878620351928

18.06940501536938950238598174656110327446965332499705287715795126429802225775950267610782001407364907037091620656036628599256171623

17.92597050123489486986555286470001546375489743763241450269689857154718358011438672478877381119355340306751445355653546779378060859

17.77503029578931990638649742799490701277539683214923811644797874355777281464697053881856826765425497797349357279659616001137616608

17.61575519772344226949622192220648578686903299692843643864425943580374553688589603690740212042588865411528381531996991522004097322

17.44717050083305061603658084630837234723768305679583997664845811679192663108550551866386469366295493967548747590886539752990472164

17.26811981870491001075789497744936889344539454750317324472932573410160767630045749655401742460122146318180432005559294189023984930

17.07721691562976894246409160903378685528941584419696720107435244229168339774731284111114456804612948814482619414268381262287725218

16.87278042997453990460902422820707632960927737561613911295467424258489402426973395465531595931888455470609324854024834471434580326

16.65274363599097536410387577435888282703896635131063682575041744942949047993728067167137093892127313240318915654487911558478564112

16.41452683101698343728050536995985409966324943096173364565160205765283424470043527517389921496201640423258249167040678858003691021

16.15485207488198232950493871367646172798053950526470591458396432774396786756954025712850885125597758762460707804740538987011781918

15.86946588688085514547279484534297141979013990148197894553019812872929943281644259592482445972163550764471398724430561092932548930

15.55270888224754637620134873236909339176522596081646497309117054344065418921086562917699701954503516310255943276223330859308099940

15.19681817780312259976746374850940901087608953572954938446704548054153118131627206843410178383932040877155708155927375384236049016

14.79073466445853711791368344906238372219143644876462257381138925025124237247684811588386470698892630217736867087783753667647471215

14.31792205958606666522922369325016370720252121053271487761017129197671388510801753168722075381249578348279729349561967538414018032

13.75201455039960683190475733452385603111708148032285315007646934336341639616583007213255266361633745699022771342528217926709866248

13.04703011043719239084457004761760561500219718362273337019075017184715902407789054051843879113087280827844924292424169957440104064

12.11115653015511284593963066769887218447476530522546871709395769068793042988913246492600415282499636978606303116061115900458461872

10.71282047102808053310294241760051637713425090944607051367153210698999702369118635372135483459900183714443411607441799188029859931

7.82197746375785400300758117778044462538640418521044006428670679645105617633391977744037825415504375428459799367430025269899120896
