
Number read was : 	74464514888456052901716455747065713754688180937226887695053632337418629350708382424687663056247659969079908475222212484429

23.16807284842273886879483173103327995952037410775603177203594801058273783882580697359387179133975579233625265613176821834305318452

23.14407003959942445105905107726047224590651550314760105682884282422316447752257180001937008289184490256180319437456479464323988619

23.11986588224892149990199031276886201298062779080651856028619326218095794944099337148088762271044163742059302212865422156216979255

23.09545696974654291482565815757022929258919285856621801067679819349523553491512202279809064867165091999519620431284650071504192658

23.07083980827453912761117075894947793376228950360954898825915718141075152341107143838136358307932799027254131883502735683470290574

23.04601081382085966007665788080907546067280421489302477750159905497687368215622513949865569866867935209729447468170727601594295847

23.02096630904766296419230719576401030113236341160845611660508914350847785152955865766889509729521525827419407802228213818417571837

22.99570252002273172972210332525639062850919215593141707875795090601685638895494030438729109320997544348698407150166756222849461164

22.97021557280652773449830541694246622496673923569994326394747057200194688939705229125061502728114833193818432556019142099503751068

22.94450148988716703633599593866592185697053150058933842514261828371086347926131776681388037599479231103118361002226724494758795587

22.91855618645511042214217307526609849167723880332075175375651505310410530382178375040696108318824470859670955212961615721434801011

22.89237546650884287612820740923209315357702278871759387033311461841148963980537461165259532867172737363055415600674219101491218441

22.86595501878225649852497938135441118531511312714437032864240860995128760575630346320722062090047428992830351598270182289228025645

22.83929041248385062353600483327435536447191974296642090349610825368403678684405077659878502641285962564632356404144396523186337692

22.81237709283721737897342667790174747643115750716305581288402018567008186319465946699096273559719704186670047571807668160088334701

22.78521037641158680177594840325981511676878828257534381309253548872163078451381975122027437175467843777875307039873437846166236085

22.75778544623045871404594101709582133557861274648741865918748782563927189574399109372806851844338780495799615825669094749267232869

22.73009734664554431486261005044415903682289814089169846266886119637788356141569241591030961679525844516742000406333607381003734731

22.70214097796237385374383622213401612910475625880307589468334582239012356459613668245166466276152149076815467386732117312569148559

22.67391109080299233283682070246023969846834006420968463986397111116985902071923649259075024167518710404253959482046554387032313914

22.64540228019015690492167156544826614007355342560313912531730374305789101424418043806617683897856533556704245675289652782687862752

22.61660897933636085938658873125023207330204993624815189305685001707670063074611193841711321580135075974578118486427589982613760426

22.58752545311983251714507459617261675108969504137081076034368998723689860611059926214725481273822222056691274292553074842928150686

22.55814579122838493161358159287094215745032120972254976878682736640177497425906119732828930574369955901374748576223773371929294380

22.52846390095061519005139938064048344988984065017405375667992004357340695809996816186470302323926566758588781812614221506748102919

22.49847349959246039918756485625320387616463309965613417721222693419832321834858403499569119097399376165142352535297608309196804257

22.46816810649550055176725784198790225636986947645347751666697589819601676563708316541471612726808985366147877958116776690725455905

22.43754103463164407350840391577645911681930795296140186872311819378443778304837459624561449005388808676807992349604569264963101535

22.40658538174692706597794097777667400420414036357874442739543823793655499268789487686650117298535585753208316242622651319341468986

22.37529402102508706489546384204027209849226296174341255534239387158036343878878831317899658727863605963737773250447520198934625293

22.34365959123932048343563477767656770401087004997057943489978343332223234737424737365732718677859899516417962985150579022889685625

22.31167448635818145748010465733863119656258175979825613341527521836148669417822167520234495677505150186133944383490440789047432075

22.27933084456890860940986301852556971026989533418228433884152415890963976331525416542931152771261284397040784901989778432357794762

22.24662053667855272621177983573515762359135565462186859478910930085484827168123510377060021268938113119581311744100901149919831306

22.21353515385009757071701499939720933678047861851696577401451099225117712383731795666460943421187803219146126629327656348344387171

22.18006599462729011894288919614553234355399397163824844799966184700058304592500250242197572740843568164110437231937907645688993290

22.14620405119809417678240486316974216072411292724104626291025790108821849721431926519071016664971449355444891499266818065475242346

22.11193999484251784605377218065537971701628916557624059598597066198374474622200078098173083362680454534420413620762893576499539858

22.07726416050600143338760477303953601526687593359795625901911453398371743427611905957077515314514731273381001927918573989464790469

22.04216653043454446296020241630185443766083414424242395275321420286245442922225388417264268474528982974343103642611198982853316396

22.00663671680224912227690247022629849488064076653933994599193535432308614168068755794971564027780897456939336127472802100557074815

21.97066394325590746472088828918503076607953025057674946983845526303061173421152587484208546665399537777011617899863218401308170450

21.93423702529459860595830087134049492772876762860369431366033525362780480450797163793619801247815174370618469777553481151763370657

21.89734434939491968903501836837121439176119136111880136248611275692162838123334284718123281384620600045746840542380972953402607664

21.85997385078437116270893241616980352824214094354436545870792518310054503390350284687492908878728037617278701045873389377951355870

21.82211298975646297332136604851863955902887243816391943841787052592215363232964305757463975799190062926676046641876270589930255707

21.78374872641120191999702467118517266153266601104317103698678151634950360017329844997875119408722382726283511476105359150784124306

21.74486749369364608624551022205984464369808765208475506812323611039136814430211650870488067919389518792882379734073690266730540864

21.70545516859103865809916324182084835945309809261160971295642594081227019283590683114585744683247447558736531140655455033958467891

21.66549704133551110596147545587983264919915324082833102200344603595202403243897191644662788939453268764591397269090794111926577335

21.62497778244430412631718625254846077905396550044715244551279615634871863628677655762827713903487564214159888663845365338245043970

21.58388140741269923298182679212193695849318731882607038199208134308824635999182816474234338356835144505957416153912791633958546866

21.54219123885616150524313411295028084048549171838262942182836519775776971743836836972960495481874256170689857483604519142184228908

21.49988986587730913541850691633883751442174821803360658502265545141403412760610693614212587815406729465960355963278658421909008451

21.45695910040995461320899233073309105129317849726038607563485719975759905852113772534826432963939292265819674892004472262107029246

21.41337993026626748279294017355936788475055846844971797525917367554132605374901567906409085312649798306403923886465831783393862902

21.36913246858370002892326384157103882297759188302784375642569099106882325658357551129714760913056070585273786863793887301581377942

21.32419589933524439310378348178854994647760317785278530461031339257172208237730407711551416817689086222064929047329663152207059590

21.27854841852933073280638486547337709222506286473872396127677909915990983976682208052787564342786412735587745422230799380432274018

21.23216717068362554386698782441061818382712279469358028034994215306812346519856914035542615561633578577222534104127966975673198445

21.18502818010944257655514526652856939100251716821534825398528665988149403456820109274821408415943859282680755450614214462643642340

21.13710627648961416208069609263448162119317187886870849650175927984009546617636733758209902806981774596623953867997904353602831022

21.08837501417152806113951225048043737893591595022611592237076480808701599240313321410908618588068006776253730581180015491594866989

21.03880658452748848710664112176828848760510569242141053895890892697439968141411272002598416771413478335456578587621886002269544464

20.98837172065528787891857982118272429487976060046360562587521746142954667614857966832004908757908215587565057790313724773498167075

20.93703959360132086613631858326090387837238226834473377465075606974064054952505500072519000027901294878090941188660118512286384729

20.88477769918489403506915485605245261926842984157377669727616911222907877931195066325858121436726438422150870610290898449365847062

20.83155173438340626378956160999547830373366189887281991246156243360423784719166891973935062116268126014799256236616932697947037057

20.77732546210120557506050041739481876884912654306890590220496567567515121532834555132643350878685767182125055382352651619487782589

20.72206056298708621247628101080872438259805677277473505822597312354670352555755341885620689938640977268504487233439280250078197870

20.66571647278288699612787176816948781029822967471394015443206412242727558431610702745360699771745519429066818832802857395231304609

20.60825020347406865765778193128046247656595840761057226808455225839682266085290087257282144680886436054597132556720267234530920611

20.54961614626716443696506554711472292948030750372621221079812867112952470073082868007064068182730483490688890481290261520395715980

20.48976585413219212944928118139009603662331448091731636239278605198690272791526207659237740679543073039848362099364203983942732831

20.42864780131270403482639727164164559851081925220008589497148062588277181580577014534683721145004110063016656463655036719878857195

20.36620711681266582687718634904613927346476011889238038196776448349858239980032317968809620449158923136584082109160361723393959515

20.30238528840623421589381713335816042542489458987193730388863969041661313043974776300914731479862785570368805912932975646839946308

20.23711983316956874749262043441138206797034026505605688772191352965835034333254389990475380728796011777765303718299339895766201105

20.17034392988560519445281707459614141183357693361574799565217420471527703407300930726702994871769281053306379323795639679898861158

20.10198600790164086919333928315373441280937186138824439568153241302677931298670585557716632609718500384653258575282087098534489490

20.03196928609879757130810611143253703138609269000206053460457700350200411602659097170246018341794280878627257880086612895422750146

19.96021125452842219619596617469441008081335022778741234791542818521396159508435795953085355485952612891505360964174669440910087983

19.88662308994119647880428003347946025619623231819361644158129203835559038134845560239601358566369536674769605895119888315859800671

19.81110899482708300070793084849304585618778057512492489739742921828126361297674824332862442001475428032628426371633980763825904286

19.73356544763089642993655976310823328287365188174270304245532930447678236796482683443894125198947294315461164436609692966553308124

19.65388034942331804441071967150643932187562820215919383763594608877553549391627193561850821421264368305232135540882795748432348629

19.57193204938021618060087865685395197625040845977769892853710245703492797781916966613167019260153446606624521048698385116655316660

19.48758822781157881783954868131078031385117093921096987052753870993630278628256840087891264777953410578457033761380240680824249679

19.40070461099963552788916726841709314306705701084890293126567204971207819408422015224602146885232038381992659818484984455164484836

19.31112348651064565468333770935025142929161892873632072967883859545793829082697386990970992892055437637675074253401170606341023182

19.21867198061521227412961702307562061365212196697422929348940376981987476829400201101768584083175347932761986234212119973240018036

19.12316005056036614742892356694405519029206065773640031426428183394857312024248581674369615479655069058543605233938274865472966886

19.02437813310917504977474401010050584149821169003210353852482309351239062821379504686448760984879306570700053198514123274464069366

18.92209437622289561345819123293599053142184822812576351652925905397584902612073860585327494920219101483703532742162524043809858541

18.81605136194352208255858068359684825138417124596394446952026268335248683688796180552154288541083589730642644031198478712232090117

18.70596220397202600774718826037835369564469216819252809733165806424788919676785518570734983894686501650885247747267102776202656464

18.59150587107770779534940185034940939048210693237828087037055492603879796772329106874940590990626349533810477046484710737300919827

18.47232154441704182442068164235834303377069028648920565106105371794061602783844407483235584079290077532916721644018475731690602966

18.34800175893631952921769767464928737461324725451636617081980025910910971715373075304814371215585390017034667902765159251512806630

18.21808400026192836738554983903927677134464462472805864359947828637944601059778152445892316793425373220688011302679274740029446513

18.08204031998625129290740409799746647891930779928064968690502237696611447475669666370093362707258248848558376200304874186300480120

17.93926438079064197619896617607163190403803791974834885173535126629282177031316809259733684246853551111347740596615143375840162241

17.78905512826457071100280498416938574533877497766141384207800323361227714475118840427307609070795938125408937405400679112057958917

17.63059597736538685377753960392831533561482559616110218622422304756114858697755498460000607405036015940369634861239106038595052382

17.46292794884553874464070168201216699069098289245719602866419409681381021943157555601246523221052261201385960643407469401114459085

17.28491451479666360741690014072882442703061108978951406096725313438510200011076058412963162672689424727401391726480811253381360344

17.09519488030639866356707895564183133453071045408452893771698873294099230341856949489570407396571887715809926249260797057090193515

16.89212081437917566690186284045991765370571656784500633434915842171725097737779820712863524368252396618381971179385476377099549368

16.67366955091890309197721740415123174017409096701151997939029205105544783158306050930083050574515758068572124394641610224197999263

16.43732098738243510541941761003000051652607812601150497444945036244127679980237391991027901325410942177383667235163276222193562835

16.17988004681907693197494983879240949409406592809194494600498897464188227755067086780895289674556555031177270415607332833726500238

15.89721192792864942765060690674285637975116524760945527089578912879438817446335861346729153403710230419247754647517768750103059796

15.58383338651997552096095765284876322842101042633384349735685203092990726772017226413123751297762083847628012262454623042228894440

15.23225459288472799091114222622638720440751095330611021385592656567509428885049439649115935151806132202227057135020165060263184754

14.83186340508472151541313392539166569915035420573662658824278909882540643793866140769008564653305498000519566326864306161009676493

14.36690831751115798137732779426798097897147931504292282305192376166461754381860419676307303925238829076940813742488768792178980897

13.81253698775862832018889262075866246673676965949813862011567313467583855507425274020348445348453762422887332250484725300561965205

13.12610016866008027886294785160513101147897464759123639835726071837230002626685755913980180894969795159158787457163023743043597321

12.22478112473179902048137660457938313830815942992626320385289859641387122560829356546980143532861766569082659006855070572705614106

10.91182599026252896036271628719991865265423685095577973950406575311556306376493397538706435679753387011945625525378423968316821261

8.49280148531907131134907873860422033099287009089082957633732767807276998215082312211834000308441027463915952978985168458241640910
