
Number read was : 	503101950159622969952446047309310939150092467494340777144862735827978251450552943258928042129554342321

22.38881978728206394602138919677926536486901647798686297240255940325472264167736882347637087522437243390501938978134441205020472260

22.36004375838739410338375573018652358015067122560035871855417113877673567661201504202422660502029371676068642883679769965980701869

22.33097785258187092512294179330610441209551285662822917807853264495016188820111944430996629145425390663427717595623190534621703106

22.30161617020527929981392837787847265678334552191077283597243105279938393250536645714120909862425216867502110791303370570294528201

22.27195262963681522628112427760897991328095361438678604369661675094891745560355347432635044289782039669549885066316491722835353097

22.24198095973445343154750527450363839879195965628509184110093585871446544240042283035584858781678833759285084567272733174352998041

22.21169469187750040797728403051224779415356386766545039242733719734378213098238649829042807286425092001699786728747730464186764452

22.18108715158707567909079810738068511102936363891882183177746610095329407309320702068164676820679849965592290706085809597579360588

22.15015144969736842399917101098142826375298985490201792651481109287401694957955610379007934896734209233726148681159444645813817361

22.11888047304845654090398783111644955268909387211455163427835226924299966848232390235622305620723535396012708777698369080839433455

22.08726687466923460114032303997242106764501116431289740777123018563415800565518986905376954516948264844450030357731821728191776469

22.05530306341655793149549599451304278810807108512268413326450440528481346820001524417648551538284177394160180950429071026771766338

22.02298119303405224157000338391205454972306624162939248244613537559348569452461020739160587544541387895503094402609965193708764818

21.99029315059113949379953227286314224555194141368114261853696870003996180716102835970533414837209373000548598118595372398033191627

21.95723054425966625097948102712502424912831363212582154687963485469823477287551433770404887833963929112338399129030341532535470133

21.92378469038206280404331654347932721443712023009587531074935456648785261085992986068682899932975662743059016798380469915853265967

21.88994659978117900393099421185378253701959503113935194791207132901187370239886892719537545715985310794515312885291675994826912738

21.85570696325780124178496911774936350594646768984375841070605400684088757796298807266835241960083030325992462395028220003080658348

21.82105613621731562552341972708449369831653119154655738638568433738204091896012311008703830919703623529524145207702995314678058754

21.78598412236200155355604943620804731067538103346362477685972898958014947248274914304442537169774421420011400038566874584325154058

21.75048055637996869617499819451215007196397828734029915414610042211778364679011238040920268433551784322519042432466938525193796257

21.71453468555573387852936836554099752932568123347377058738702523998253773388071866101170098928901682649317836545237334032048036609

21.67813535022081059696686209710595968414713589441266853138290693692048300398724564307903293237566738814879539924148983913671285295

21.64127096295538304733604661416804781439769343917686176323874727835921188129365642330571847120799477060552429691569097367245853219

21.60392948644407978793840770615797067333238078946531322322631505455558728065892230039481580765968816561363097714696891496699579805

21.56609840987996012170706701714134627258539535778561048930643510316444697319377117214100191802480226446792819571276057132651078751

21.52776472380097821517807173687812465414693610067386312618089156155336972770371608416470554118864921593514601385453899698343416316

21.48891489323228074844879001279044904219563301802756359134837837911667740529673214710643838544264837425482933172081036948160365007

21.44953482899559365947107834869824300880729380418354450615084696425477273646456012694480579622943650287979897907881019485078160417

21.40960985703351352767918370882640661769894311458065178807882705200465621024571640031380053728308911863844873097100477128521599789

21.36912468558157048458040203612513039391322939660514541928849099838236273031173240390783740417601661304432853023740733953642369561

21.32806337000427868018254436674363500798698481752336555981284576004875095995029056915232945940298216632234364272531806068153765319

21.28640927509281635740582014875327447952868826165833395327603671118860683359448066340041748864125003445112465345292128280726590164

21.24414503460122673770590028421832703570036457546083869981635092605952270721668321872842410857232802817613499282362805665635477035

21.20125250777481201021549068370492892829781327886840956053847231077439597629442577764278418272685664769550197141257419061678400853

21.15771273259837052314090631011451054792691838844522059884349263397058603628845901976353274165110335303957541558437797746965834099

21.11350587546271508255273835450046990307344835302814344953674140310606823860119579002500127740193720554256991897947402239392268808

21.06861117691506149695475134379983253204053258432864843995965156187243856395542868397302286272958959030260636156541929124345740259

21.02300689312187354273399964584134473714244830336366662466755787707347183260225966050764230923877401488189152347293230326674256313

20.97667023263099307889386657035264722308131437885290804357872170469514459115150400652255034003928288682024345170673334748335724220

20.92957728797267342681326251793436929700539542920776983909123302236194559970397358450572713500992544883115474734703221423235209254

20.88170296158565601544274683293501173807539875464236112480594063250464061126883026409933260394514010598346976074513907501484653322

20.83302088549373270857576793637507958343418990470530009869846769016117006656782520934801105412021453331438402136189517160678691978

20.78350333408920393122511051514400698686760234689310443967232185904190775509016812840184861825744065455182183328046794233912662739

20.73312112930096568099644351208333560348851179403281488881215966967075891314578808136486301347326970165269185797876963565817766121

20.68184353733509368661757137901253607415296717903701347509185835318252719256408634590437585478177430520447501159722424233078037924

20.62963815607291833715180589876617537146626589059289966102715179215378670869945371649342113251832940350062335558641593438455648160

20.57647079209354146376225298426261470050937763802201976908778401262605431686217921502422357964470144250187142821596013778875566973

20.52230532615197241872523399911907257047035347479103386818181765033398891437916623473603353216466052674869539734730473902768070837

20.46710356578750246320744249043439179628909317346712023179945186772253085351142898221564773678519725954135436807654057232238969684

20.41082508355594368197232398978374532570226849417793269356275880891349194147696865094563346306754392967041281560609338277728852894

20.35342703916955590626181909830251260918252448138393836003424295280894978733491045069422838004603131228428348431611481584986754593

20.29486398358460831542465759325210101967975566706972907156023128064692795292740980845155176958031566864156804640390561323665891169

20.23508764279221652106482154346596754690148957110950968088107736139810021496744246447962342678645780566067607615868541377000766201

20.17404667873566145774125319377824718999718124732565623833124510766515369365479970301862430932560083802107501361751254910022114149

20.11168642438746861158347456500967282999790515933163951398060414986824540913135591336288081639983453967084254350584395009906572148

20.04794858956067157842090382283617763471467999991182602664976381804055046046995076552777153016763914824752253990527324557261354215

19.98277093348688512413812189193380259851682673383338907802343847228238535090642978747065432754426060759958259004214258776520023109

19.91608689955181168599875572772413018390558577191545250427980416294805378825179274545134770445925046740916704221515956687306912009

19.84782520681525908451914395882851713114791963370993434241499029394103949467849834711303649506547838988189607251036646533689394387

19.77790939203113985544383917281706833579206613765991041699069114398614302115837277178250614624943087131394769732834851456334791674

19.70625729479015011677264179579629075582258822135279688591826516794387630221448414925718068243232809424119656697509057079879771373

19.63278047709235109483288498934292615214965486594893334377121125918796782746694479607557364152015786863542594094226765472559986579

19.55738356706630235070615365434678980181256720467023150943580207417071755377162286399865869226008813699523896184634317690742073451

19.47996351461926025733821613613437620278466024635414325994247808540710550600244852157199925509397502160508202079475606756690448058

19.40040874444446144237342327050271372008529487280444142662720857848278034929138253067499103652307952713574701443648845721444428472

19.31859818891780563045294844325201689508995528220958843234786905674381275303193512789857523967653563830476014162592403860649502375

19.23440017984670099030851676538610342520371128446025676819390671903559072036875203884033182660362515979207163243520219355679754883

19.14767117360550326401115215320436736239028284293655153189133567548632357228008540846124793998869001471526621534805376554588636441

19.05825427866520816968315277537770350229645590414532247126834521895363350810229384788180456600120629673755196066661216618716611370

18.96597754758348565424985133265535867402192122441171393294510527861408277597417229982188672466945956650009996049081006956036290329

18.87065198674382408368777749518016959305674951432585458020632936940503325310519453863278679372819236884249702367886603534274294493

18.77206922595459612291687850814848805983716397432552912919880057730077172074423042795902204993241366957834220651938457961470412026

18.66999877567538603689344354694827251577065410687938314049450359831776950627773291742607257989059395311370981780332109591952764272

18.56418478108330285489745826873946308806464079869342185037916987741232995554630507276748397646430232460152341851645164063632311922

18.45434215798218302867388123540337048269261523731043950636821982628931202072161758082220059713696540703098810030588006223535958430

18.34015196367642326558559362415197074488249138250243992080831837430636237338175850582056837198652701761463230911981727081267320239

18.22125581353085486115694773919934144472988466751621046412197865171558645623133499209749222517431620321317815717090976708653745459

18.09724909694537465223317833887888093395520022593091768664470232362461037468456470158651667644780368899325758813570205991039008737

17.96767266898325160654030960610760396653693098042898300422280488389873039888744693377234586097782048764828099013834877045431249539

17.83200258722013173190762128312594715111989830228611531546857570609157450328093869874031969778103136498506746439641406949365099552

17.68963731455005259737120856934264402806955715618801943776284258908903118419692048683859698317445374531172806426891692828723459405

17.53988159797219908007777337708792781082043414637979759535273841599815602461101128311521560748785330886270739129474679195729747176

17.38192593024774986930815988245517148864632411256254221719769109519072929337855951196512184418684010978686187234522416726659466399

17.21482005749707450244607506229971984210105797868340588615127668519922758964763519888330589221790385317397945729365478451309871611

17.03743833330381502798337895615828060384355665288782709529791858997520371829179985496497093030472030335372752888914909755348540584

16.84843370948195003043322640820269021003785249161982944157035288463720777009047006435019545917333596046355359614240257548807823743

16.64617557528378430075296414526447587769286543183145789207225554110171611167307729653598556026983327661723497344493362057188938765

16.42866412399400271946772654955123214957145816071880951075028996112465298530279463246605918537718249466024827947199511032474575536

16.19340973580078936369280511099099731747539940927858738568252498349479396077035258415531431920230421804119084549943181899072304866

15.93725868924005322849273746549836269116319215666627181487859268024554477227166424070213657805375947145137384815728706899997459917

15.65613371939767348931141366840138442760413284691914473794529195769465793087276833010539042676265293211437760274834899752340247380

15.34463404119302602745810724321218661536533372340056199816727376921831377180182943757861302365272934973558498559084960897333567696

14.99539227151381860063738979278777703993999753615246482820696561803696854995776184791868511892914371944703259809824800512058114453

14.59798611233719961176201010702183357385003461226793698967705383039813285606865953522593617423610684508390921913276009884988484434

14.13697457187084867236584544540575873368174585697818686403033611806575097358722345278637776326128895605627145004163444380827890540

13.58804879307161735995217853084879724075717313346169336944448882005764709451970638915948061673867703799598596560020362398502076483

12.90959768444412609881175010509815337552619203032939088566096367527800346336812258314065698808672402456383023536092370073361209838

12.02102181809423504515394245469118053186343099814262488445397981652198375451241622915360479003166514454462839854236591475252907942

10.73081326693703999565538983682622030575866259619859561203913364370052193477194729455831301068008302505113717011111694824218328081

8.34107330381432795295598914928705782123156937231678618363970422767189360149728100473949498485433263134108442103893203227531938386
