
Number read was : 	8305404735562143468644121405199753916259929235541375820578805398279090663803616436820055632423088821122261752943016182212833238037062001147291

23.82816416768543395693097285411711876818250110314783286548081385990266214281791568091499800650435690605873274482968882896112231385

23.80757602867881281243426372581200608607988988219913503020745724339997949514892820961889596886299787412648111856038765938433182942

23.78683993045456827778965652704958856044028693714925664654413908765259639146330552519026492350206790556289240469761094797823582325

23.76595373095178448250367899528041978166554389183960664628010878402503991170456647350176758484084976474267997106047155175909620361

23.74491524125297069740732810732549190882985888052179327424313156411859909724466786927182357329878811028848993516516061230634678750

23.72372222420739460884843949664303251540778596485435572246165688232222250493155707089223746621806412359139199694167072096614813707

23.70237239300348234037145222400842517031638643913379402903217753010169180579695522268468137690872398629886084732038814981254566502

23.68086340968800706623024287992694476495762533046187486538822348565532044377965262553905359146772041889133662870309166907830831586

23.65919288362966828654177492174142667234731854505185070486859348806194568094645938358259872284177852937586643884089766969121313017

23.63735836992453680807399474636289853254157818439787576805708014747808251953520460637663307040057715749708810711823067393604866374

23.61535736774070569992671063602150929732459878069532124081625255356396013797621024347644777665393620150982029307972735326117275216

23.59318731859934443382601509532377102628713572435936655723255460002211545835743263151886648918277323979403770566890338441020723679

23.57084560458920149703176793663902764055618929956407193794896797388191164713055220509229696220521501654422373502012352315503376499

23.54832954651143935951585698670633420236814242092642315609795420182519131017977521315367359074119333386104635632606754193042485562

23.52563640195151411471156764689302035854839565972423360252184454015813557855769565812857026397540495794504940069483707886598882575

23.50276336327462967014034756400650869067481546787247882098038087165989511057140581301669588717407289294914010869024461372916754317

23.47970755554110225806551837811279862075930365051007232278782252170703444710647154569913630539345009522182704748378480629572045815

23.45646603433776442144109287733189561790898584975134928464374816057101067581797299959944752615048263616082828073633516958366496990

23.43303578352131759258888562826526321820453372736814034705396474431794414324789416825016086694303395496564980497066188649091418619

23.40941371286930793216844226113179497717008359474032098163099483212007825327590813415781822722761059152173369579443425165319913520

23.38559665563415016337377433321773463152954954355305437733792531807098111765741090654386139658943639041590419751805328900936648624

23.36158136599535756104644789005411476823036037222246211076371149059060303819211830944930827846050361732912915633346313240835930847

23.33736451640485178121756532068517222737586115174465862801296502519336737681867706665966687688455287448744765399221775140338963260

23.31294269481992247117881626804952421724484808358439394269216738674354488000726632527281821928220709359315390246758213635779145425

23.28831240181808214291781170131576379252805226089614248132993862174070128519542108889359790254119430618552221850393742891105737994

23.26347004758771490590085962273671168002299711313235748658865044346692694955464064923301553204162008518813049419675583928296970068

23.23841194878804680419728451388863488298925474698510738324340388859016732478755751054726690901088389822151934892557630963629460404

23.21313432527156848931239399709905141798965873587904039839118012417430442642030997450321155997998647983422182513513889384037102737

23.18763329666161603282729965858714375900063875228282615210480952848151145392888988220878014350731263142115554637381757910417393874

23.16190487877736031680788066233462737403216945458167776557920402371344804205604427175469691498199118721077443427258143434659131952

23.13594497989796740006431173413006027695405357410587912070165294593679871370880159891190244553167983146219562645324412593797511331

23.10974939685716867406533550700305998326951863252010900046167989743167977568896708027165634164197633880255972567823794303483216542

23.08331381095891773642067605468167060988124169904196404523847735846152431287545292095415536644611826966166153068298344105515360248

23.05663378370420741116901024383537164476696840204746714510429647123668957977791221866500352780468266326597784656243085132251407684

23.02970475231847179697655175626937814850371326611368958447539892587324537446097084303128932283589226363847368574349811538853177126

23.00252202506830081382203252653955673461499991526532118108084879224772187049746283287633538133375204515341276953822203088305822427

22.97508077635544419029065930714363359836425031237270474798529529447913351348108443354787421710521069528185238174943437481117113059

22.94737604157527372372103450904050406870587503266364729906127281261573333866031985153912765782185099495834527984648072127578199939

22.91940271172600177854507156605337276544166720807903371840125705903186206025692371229523606673184051444019352945069597270489770522

22.89115552775401497301098901341090619116685805812246372264884672106503619578909759489467630604078356760741744206081671715560673799

22.86262907461966867265342068822935993583255052882986559643956106687332350036098989898197817382520126572546258604269799513066761037

22.83381777506679365305027474504744256438763215398723885333020718995859534565661400965022934067827921469643204432182132888597952582

22.80471588307798371724089008352663589887972256088736436586098084195800981343353828859086311027813589641168354787488762426451199540

22.77531747699645407752131913277777230438253206377548010584283538530957640413517471614749376487222298720433439965909299472317286307

22.74561645229387603386698975250789243262507356194452553903978047680336992884217816404745007994080758528397645277627324884056222308

22.71560651396209396524285018109037604787187349505233889040083206378145323355851208790096482404431037390069779307670631696985140989

22.68528116850500508308235952295685732634940943796803917736252991790292819741060025744259291868101391344754649876708494770198536186

22.65463371550511867241618071154898785545583012290864822036612451442618945563428988085331263528853091471553131235566948665335432688

22.62365723873739632921847232516913812409163845413307553796823677518385676282187534960612506260616586143744072890250512368122793964

22.59234459680089320675581583609889133260156971480728406272645050527584559549328041388181886278614603359688024066297972130531989598

22.56068841323645605099973230240673272900077857182119935485600765914819498191203742596275465781625727414354378342697471324552192139

22.52868106609626865183184137066569430194092326032235452773453146371908154637485269595337705764797128826583588650736896715496550116

22.49631467692834892819449347642396849311402081915497108212423362933219799717345369325737303215768982727283434695175975407518099231

22.46358109913617158420907810406683409375947320016888084463660080289206271794446158090444695883418167362636776784322141541949846322

22.43047190567039104700707010612031545060902220177504446247718119728793786087934846352611821690590833484720918638479961652997737544

22.39697837600614295547549540933330491981277832183328086040868381958772935013617047388375858060970705078045447142072679161520198859

22.36309148235557755384227650084774557340097908132154662842515381098964253769715231289811398557362617563886060350444781952635260991

22.32880187506108972310679417141109252226758352601052726534947559647763368860463955756677394525433660441793380464683594173352827826

22.29409986711011868629284405775787996621716848854719676210544036392900873548689024109573213154878614092248129074289330744565835096

22.25897541770735153332203286944563971696497229722934869477418326828029132109248418728137000764495710656383183847365113186736647206

22.22341811483462901330477553993038875690046325074897860364145520713979528008372823785789855284641888498014306939887334706036960198

22.18741715672276365230033941107731812986517613009279481041577454700063058550572704274643632103292905760494414429706882676383957470

22.15096133215277649095341738429444660836940705848990113898765026237625923500311797027704901495802342547408971304996158772210670343

22.11403899949666849757773667873817913905243978063318317652841172798675650363849384755247141583507409855520221087473824239280164503

22.07663806439968610473095039009034522570395207032786421577721470865706134343089157573262630103753704330032759498610578513142440748

22.03874595599702666880505544061094788500024674219702866958654315124157018669553537550408130366974456745086942277228820219363169346

22.00034960154795615589835737737768668217495858472553140301867472665980798098070133387198845981468133777596417440460453716164330884

21.96143539935926186982744957852313316449097372723182942296878229998111496815446784991672119184951949884289808432785685171002584658

21.92198918985770462989940623906647299292143396120074570599284581655541196659325869166550678878323102471369117081124861862274853836

21.88199622465751716816695037771768456815856286212369939272342474307382134658660483231380337491478833950885246356790971629305620145

21.84144113345384623591958526730622101635650807217016729786807666274558983800614597360262596981618794750092719342637999675068615826

21.80030788855615875783281777082937471886808419616033040654471078315130038400177305260415715664837717649165872861431323817647783042

21.75857976685680224020689456611846943472780957461340792174495372683915851328600975903354670589801942694081906240251971969581818689

21.71623930900886854967432895492495289693625907330825940863727846821127264972582861918267886996206636620699349123723080473212385027

21.67326827556396190071351446552566842197462456293428026739103922610933803309339626921465920497264692947465312313832857231696370664

21.62964759979407498103383661989658164950192517213773686480263423865052299818133770889191568971279449992367189805890964264711117978

21.58535733689213811856853833224756795917884895691111701823664896792608733293986224122853498243052649794570953399214990970226239206

21.54037660921247039697939941552662131829357086354067671419434114553217080893354944661705608189598411843066617578165691372210559128

21.49468354717480126298620569270974370841300325311881643888795701860040875624950398999797120429428878294428758494335149472822067977

21.44825522541313497099814387596422801101336120587915980299569710714207355076357066861356113861215320792390689839014053345917994041

21.40106759370278597370677067945902384216762453521826000361291718095155380378877014990123606211950627795662024697912532013355695519

21.35309540214459065680381558848588508775485998225384254720184355859321282161605300078617228858606568510527833973970016527224093940

21.30431212002362912034327645047776330495209145879358312337566829705138139668235069993122755144838706909175177384772117450587045379

21.25468984768963191025649282012064436686504745125256485747605126072710532613765217984707199764498681768169935164050682595506683094

21.20419922072626392084963237772325543316224962065785543346210813325781868078020202637691045202936076975103296193650428614791063865

21.15280930558509587778327653436393064424509338400524506494324640522095950231074147940105527827632107366452055309808186347111130886

21.10048748575543202038992220273053699355623560119813269431984186391013417752205116973661132017835550118452685662000975922624927187

21.04719933742105618509675252673976744430981236483015447021207989843852126223886120733749019418060235130475882431876325386108029363

20.99290849341676759131400179141280522588456203850363485852165680040660330371061429027674303471201908431842090506384322941874982761

20.93757649413818043953143772948972488173818938892802771056599606716624974543131396838898486514737497652928556736000111056576142455

20.88116262387392472744171748758009664210677002877523589352468637071991040847419925045847504623452269888186287485878239754545037859

20.82362373081563203223843703919497231587837059213722698781329687437502909828592940613479347832969357365078372539912618260758193657

20.76491402875253060474069645473734225773583746094546191194773487008693972673436813320615648328786030589211062113435624147722350993

20.70498487816759999660572218251013210924492774053099013747239543406850700376302275502883928345354374231940250218761249232091254166

20.64378454411315692388458029432728370658598301494279350223606573248491525828038343505080461501833203156658887014207640159842456253

20.58125792784586066621069342668345193366168755331417501569055269456440398590786358254574297313057354459373053277318518764746732305

20.51734626873271023923681535051554296896875486687425478699891787717977067038004161067634736241217612222592445245426144999471097855

20.45198681238627092339431215784569378567459947748320301925441019331443699220749943809869825203869880998297051514504676015185315805

20.38511244033139289689827312244224518804805367446405750206294457965959399308703244572729115131164957201187857179526257097592137588

20.31665125572514081607815565260128137881048934606587619344134778590658895707786208726954592211027099581025828949427581229892889396

20.24652611871927891687055779720001627333870001762066759887922608739566571974943906763764196787619238419046023720739109081432299705

20.17465412393639568529118212926008386039597663467509304493976185769719723286343002096668628663335151498569082984867124083532053127

20.10094601118384441979442090338732434418704559885507169855620346692257674576283580549929758160956399851116941475246205499156331156

20.02530549890014279562933069136502644763558528317294322251101748940417960509173082677007840827777282704097134253067175326998971062

19.94762852784779641489660449976628353570086891158035519339268184399489983796098182230455106883472785377307196236158474442930691629

19.86780240014719845401483783614869049402354249367643653302406802844099333509858590149585856794533877153231113058782443593796366125

19.78570479577590782888895261503837118576657416834645001520625752172452057866494374394842380500051884478067661305109942425651905085

19.70120264499087465222388287494666632889002315208596121530534467445857405891468144843296450435500339465373824296327379564327970293

19.61415083057882846624249811844424112776758871114636036698962071751869946103245687025519880487077898305162128821273215453135379680

19.52439068815391444201079734699612676451002803144204575992886348558831763174623993212635542490350012956872968799274545457565984412

19.43174826557384457203225937347819453196888586438182332336697130485980400329018180549074373634686717953203576546657882903817118448

19.33603229349952628588565127189350291406429790347962556734713564944102677622300691214820013348970441097179672889054242233462517106

19.23703180759150865327267812886750106252630970057069386323353674334686562762822116788200550228550633354490264618441273782587975291

19.13451334802407085742446787269112527210238384279293932660934923020284173359722336326502240726098145848915874686435135914482646372

19.02821764281534641565651891250384028335280774501009751854258007824759773426838437881159654615587084448247417176632597267818596659

18.91785565641341738682676717477577442197017021820043928916413837195170263907199909333155638391943680786335169542695685232371371882

18.80310385193787959752383226781661632225855402103164491472338390638593021131732235493627184473214072462344312332879706762860640306

18.68359847147445561054930528461122999499584909181756683158347319519008533209306391870549296760428344864396655478627749782668943362

18.55892857958779527623492836858535404452813689907732648231804358455604403684150030591032807752337755175675274919248542884226949374

18.42862753455431486313649955421842278704821769001612247998152543464223970180410962006392274790144752495117343025447168206429058596

18.29216244058424535838019316401747127987377968591817100185128786148370995158715587741406264143968549605306934497067508914851769002

18.14892097881503738997266929053554315992042265690656471765615800317748517359503546478553088498450257745331401543755955736152092361

17.99819479426650137167720256936515735239987275955005126536666374488478966191824526850283195912714940400176812516472568878149815393

17.83915829787919634383073557070865590899501004067269272688026851180939745629145897276737415108223318529897036074651730443616971320

17.67084127590118711747397319449885455759596392965690256660383164167992045235661948055581089925553373879023622407824402055614895488

17.49209300004640694621937564132821789195834432350627525201674934977736094275241954391175010710682790246484109521967504700300462792

17.30153446268094562706687380807712882778211091999136508855368677673087370485695981776951583309808234092313093961088670347585243417

17.09749368524247343534524899019302942613704659312081108089842346667317986701072671310061803260043436962689749971789317272065814146

16.87791634776138929441717033958891948411597858308362422243451279214042975730115852769159978730474673258157155799201953075716711235

16.64023949970498011971360401746855264723223318556726925408068272948396279784670133343474322129532879725093833244616161907736622004

16.38120838523104488077065577270891165642960766614760965161923254578521736910268317768092383498776040970093969878704791204089378789

16.09660255454454188276984020330666041501619820428112616781544787608973869888811161453942177775386941752715671357739610542629225114

15.78081134752421418684131101864198846902003164322407444650005654997363053509387182980523272320870205286540049024546957499556645276

15.42614687349475353629493406643570435889977124158195743660524719780001521878882366221694713277968960893262096571063476425208978640

15.02167173571752524473379412440458298595198287155607842704210476144396953173878051201655658519795951214499998947449985463480589083

14.55106115871347952176806932955303892683705080710795080279457742914155777120383199302543469480636432915490842355859665622481459620

13.98835210206888641743502528089183822225063377830795241176804483361027166259440681543286759939109787758658636740891112171389615808

13.28843565113085503890571671614914695024690652564319541570295313721696434367285314882408047313457731209228989004333125240761893602

12.36181093127746949789816640859981456556174492637283143558312520096100389763486741779978650444598724535460484478530242890766463038

10.98566770959234149947071250342331802432219122178892268487749348977197563408196385454185913341422538246210352775388986529270925318

8.21787994121013397185272744806003257887178846729220741003254514246393876450990437035873915664821940513664736849285211196884638424
